0 0.198095 0.626953 0.192381 0.632812 0.192381 0.644531 0.194286 0.646484 0.194286 0.648438 0.196190 0.650391 0.209524 0.650391 0.215238 0.644531 0.215238 0.632812 0.213333 0.632812 0.207619 0.626953
0 0.177143 0.070312 0.171429 0.076172 0.171429 0.087891 0.175238 0.091797 0.179048 0.091797 0.180952 0.093750 0.184762 0.093750 0.186667 0.091797 0.190476 0.091797 0.190476 0.089844 0.192381 0.087891 0.192381 0.085938 0.194286 0.083984 0.194286 0.080078 0.192381 0.078125 0.192381 0.076172 0.190476 0.074219 0.190476 0.072266 0.188571 0.070312
0 0.373333 0.101562 0.371429 0.103516 0.369524 0.103516 0.367619 0.105469 0.365714 0.105469 0.365714 0.109375 0.363810 0.111328 0.363810 0.117188 0.365714 0.119141 0.365714 0.121094 0.369524 0.125000 0.371429 0.125000 0.373333 0.126953 0.377143 0.126953 0.379048 0.125000 0.380952 0.125000 0.386667 0.119141 0.386667 0.107422 0.384762 0.105469 0.382857 0.105469 0.380952 0.103516 0.379048 0.103516 0.377143 0.101562
0 0.260952 0.185547 0.259048 0.187500 0.255238 0.187500 0.255238 0.189453 0.253333 0.191406 0.253333 0.193359 0.251429 0.195312 0.251429 0.201172 0.253333 0.203125 0.253333 0.205078 0.255238 0.207031 0.257143 0.207031 0.260952 0.210938 0.268571 0.210938 0.272381 0.207031 0.274286 0.207031 0.276190 0.205078 0.276190 0.191406 0.274286 0.189453 0.274286 0.187500 0.270476 0.187500 0.268571 0.185547
0 0.678095 0.136719 0.676190 0.138672 0.674286 0.138672 0.672381 0.140625 0.672381 0.142578 0.670476 0.144531 0.670476 0.152344 0.672381 0.154297 0.672381 0.156250 0.676190 0.156250 0.678095 0.158203 0.685714 0.158203 0.687619 0.156250 0.689524 0.156250 0.689524 0.154297 0.691429 0.152344 0.691429 0.144531 0.689524 0.142578 0.689524 0.140625 0.685714 0.136719
0 0.546667 0.251953 0.544762 0.253906 0.542857 0.253906 0.542857 0.259766 0.540952 0.261719 0.540952 0.267578 0.542857 0.269531 0.542857 0.273438 0.544762 0.273438 0.546667 0.275391 0.548571 0.275391 0.550476 0.277344 0.556190 0.277344 0.558095 0.275391 0.560000 0.275391 0.563810 0.271484 0.563810 0.269531 0.565714 0.267578 0.565714 0.261719 0.563810 0.259766 0.563810 0.257812 0.561905 0.255859 0.561905 0.253906 0.560000 0.251953
0 0.377143 0.322266 0.373333 0.326172 0.371429 0.326172 0.369524 0.328125 0.369524 0.330078 0.367619 0.332031 0.367619 0.337891 0.369524 0.339844 0.369524 0.341797 0.371429 0.343750 0.371429 0.345703 0.375238 0.345703 0.377143 0.347656 0.384762 0.347656 0.386667 0.345703 0.390476 0.345703 0.390476 0.343750 0.392381 0.341797 0.392381 0.339844 0.394286 0.337891 0.394286 0.332031 0.392381 0.330078 0.392381 0.328125 0.390476 0.326172 0.388571 0.326172 0.384762 0.322266
0 0.095238 0.330078 0.093333 0.332031 0.091429 0.332031 0.091429 0.333984 0.089524 0.335938 0.089524 0.337891 0.087619 0.339844 0.087619 0.345703 0.089524 0.347656 0.089524 0.349609 0.091429 0.351562 0.093333 0.351562 0.097143 0.355469 0.102857 0.355469 0.104762 0.353516 0.106667 0.353516 0.108571 0.351562 0.110476 0.351562 0.112381 0.349609 0.112381 0.335938 0.110476 0.333984 0.110476 0.332031 0.108571 0.332031 0.106667 0.330078
0 0.182857 0.435547 0.179048 0.439453 0.177143 0.439453 0.177143 0.449219 0.182857 0.455078 0.192381 0.455078 0.194286 0.453125 0.194286 0.451172 0.196190 0.449219 0.196190 0.447266 0.198095 0.445312 0.196190 0.443359 0.196190 0.439453 0.192381 0.435547
0 0.017143 0.541016 0.011429 0.546875 0.011429 0.556641 0.015238 0.560547 0.026667 0.560547 0.030476 0.556641 0.030476 0.552734 0.032381 0.550781 0.030476 0.548828 0.030476 0.546875 0.026667 0.542969 0.026667 0.541016
0 0.422857 0.414062 0.420952 0.416016 0.420952 0.417969 0.419048 0.419922 0.419048 0.421875 0.417143 0.423828 0.417143 0.429688 0.419048 0.431641 0.419048 0.433594 0.422857 0.437500 0.424762 0.437500 0.426667 0.439453 0.432381 0.439453 0.434286 0.437500 0.436190 0.437500 0.440000 0.433594 0.440000 0.431641 0.441905 0.429688 0.441905 0.423828 0.440000 0.421875 0.440000 0.419922 0.438095 0.417969 0.438095 0.416016 0.436190 0.414062
0 0.580952 0.521484 0.579048 0.523438 0.577143 0.523438 0.575238 0.525391 0.575238 0.527344 0.571429 0.531250 0.571429 0.539062 0.575238 0.542969 0.575238 0.544922 0.577143 0.546875 0.579048 0.546875 0.580952 0.548828 0.586667 0.548828 0.588571 0.546875 0.590476 0.546875 0.592381 0.544922 0.594286 0.544922 0.594286 0.542969 0.596190 0.541016 0.596190 0.529297 0.594286 0.527344 0.594286 0.525391 0.592381 0.525391 0.590476 0.523438 0.588571 0.523438 0.586667 0.521484
0 0.640000 0.396484 0.636190 0.400391 0.636190 0.412109 0.640000 0.416016 0.647619 0.416016 0.653333 0.410156 0.653333 0.402344 0.647619 0.396484
0 0.735238 0.382812 0.733333 0.384766 0.733333 0.398438 0.735238 0.400391 0.737143 0.400391 0.739048 0.402344 0.744762 0.402344 0.746667 0.400391 0.748571 0.400391 0.750476 0.398438 0.750476 0.396484 0.752381 0.394531 0.752381 0.388672 0.750476 0.386719 0.750476 0.384766 0.748571 0.382812
0 0.830476 0.312500 0.824762 0.318359 0.824762 0.332031 0.826667 0.333984 0.826667 0.335938 0.828571 0.337891 0.845714 0.337891 0.845714 0.335938 0.849524 0.332031 0.849524 0.328125 0.851429 0.326172 0.849524 0.324219 0.849524 0.318359 0.847619 0.318359 0.845714 0.316406 0.845714 0.314453 0.843810 0.312500
0 0.923810 0.333984 0.921905 0.335938 0.920000 0.335938 0.918095 0.337891 0.918095 0.341797 0.916190 0.343750 0.916190 0.349609 0.918095 0.351562 0.918095 0.355469 0.920000 0.357422 0.921905 0.357422 0.923810 0.359375 0.925714 0.359375 0.927619 0.361328 0.931429 0.361328 0.933333 0.359375 0.937143 0.359375 0.937143 0.357422 0.940952 0.353516 0.940952 0.351562 0.942857 0.349609 0.942857 0.343750 0.939048 0.339844 0.939048 0.337891 0.937143 0.335938 0.937143 0.333984
0 0.853333 0.478516 0.847619 0.484375 0.847619 0.496094 0.851429 0.500000 0.855238 0.500000 0.857143 0.501953 0.860952 0.501953 0.862857 0.500000 0.866667 0.500000 0.868571 0.498047 0.868571 0.494141 0.870476 0.492188 0.870476 0.488281 0.868571 0.486328 0.868571 0.482422 0.864762 0.478516
0 0.725714 0.505859 0.725714 0.509766 0.723810 0.511719 0.723810 0.517578 0.725714 0.519531 0.725714 0.523438 0.727619 0.523438 0.729524 0.525391 0.737143 0.525391 0.740952 0.521484 0.740952 0.519531 0.742857 0.517578 0.742857 0.511719 0.740952 0.509766 0.740952 0.507812 0.739048 0.505859
0 0.920000 0.550781 0.914286 0.556641 0.914286 0.564453 0.916190 0.566406 0.916190 0.568359 0.920000 0.572266 0.929524 0.572266 0.933333 0.568359 0.933333 0.566406 0.935238 0.564453 0.935238 0.556641 0.929524 0.550781
0 0.817143 0.621094 0.813333 0.625000 0.811429 0.625000 0.811429 0.626953 0.807619 0.630859 0.807619 0.638672 0.811429 0.642578 0.811429 0.644531 0.813333 0.644531 0.817143 0.648438 0.824762 0.648438 0.828571 0.644531 0.830476 0.644531 0.830476 0.642578 0.834286 0.638672 0.834286 0.630859 0.830476 0.626953 0.830476 0.625000 0.828571 0.625000 0.824762 0.621094
0 0.940952 0.660156 0.940952 0.664062 0.939048 0.666016 0.939048 0.673828 0.940952 0.675781 0.940952 0.679688 0.942857 0.679688 0.944762 0.681641 0.952381 0.681641 0.954286 0.679688 0.956190 0.679688 0.958095 0.677734 0.958095 0.675781 0.960000 0.673828 0.960000 0.666016 0.958095 0.664062 0.958095 0.662109 0.956190 0.660156
0 0.687619 0.626953 0.687619 0.628906 0.683810 0.632812 0.683810 0.644531 0.685714 0.644531 0.687619 0.646484 0.687619 0.648438 0.689524 0.650391 0.699048 0.650391 0.704762 0.644531 0.706667 0.644531 0.706667 0.632812 0.700952 0.626953
0 0.596190 0.597656 0.590476 0.603516 0.590476 0.615234 0.594286 0.619141 0.594286 0.621094 0.607619 0.621094 0.613333 0.615234 0.613333 0.603516 0.611429 0.601562 0.609524 0.601562 0.605714 0.597656
0 0.310476 0.726562 0.306667 0.730469 0.306667 0.738281 0.308571 0.738281 0.310476 0.740234 0.318095 0.740234 0.320000 0.738281 0.320000 0.736328 0.321905 0.734375 0.320000 0.732422 0.320000 0.728516 0.318095 0.726562
0 0.460952 0.634766 0.459048 0.636719 0.457143 0.636719 0.453333 0.640625 0.453333 0.652344 0.455238 0.654297 0.457143 0.654297 0.460952 0.658203 0.470476 0.658203 0.476190 0.652344 0.476190 0.640625 0.474286 0.638672 0.474286 0.636719 0.472381 0.636719 0.470476 0.634766
0 0.577143 0.671875 0.575238 0.673828 0.575238 0.675781 0.573333 0.677734 0.573333 0.689453 0.579048 0.695312 0.588571 0.695312 0.594286 0.689453 0.596190 0.689453 0.596190 0.677734 0.590476 0.671875
0 0.666667 0.740234 0.662857 0.744141 0.662857 0.753906 0.668571 0.759766 0.678095 0.759766 0.681905 0.755859 0.681905 0.751953 0.683810 0.750000 0.681905 0.748047 0.681905 0.742188 0.680000 0.740234
0 0.782857 0.750000 0.777143 0.755859 0.777143 0.765625 0.779048 0.765625 0.782857 0.769531 0.792381 0.769531 0.796190 0.765625 0.796190 0.761719 0.798095 0.759766 0.796190 0.757812 0.796190 0.755859 0.794286 0.753906 0.794286 0.751953 0.792381 0.750000
0 0.885714 0.755859 0.881905 0.759766 0.881905 0.769531 0.887619 0.775391 0.897143 0.775391 0.900952 0.771484 0.900952 0.767578 0.902857 0.765625 0.900952 0.763672 0.900952 0.757812 0.899048 0.755859
0 0.506667 0.896484 0.504762 0.898438 0.502857 0.898438 0.502857 0.900391 0.500952 0.902344 0.500952 0.910156 0.502857 0.912109 0.502857 0.914062 0.506667 0.917969 0.516190 0.917969 0.520000 0.914062 0.520000 0.912109 0.521905 0.910156 0.521905 0.902344 0.520000 0.900391 0.520000 0.898438 0.518095 0.898438 0.516190 0.896484
0 0.253333 0.939453 0.251429 0.941406 0.249524 0.941406 0.249524 0.943359 0.247619 0.945312 0.247619 0.947266 0.245714 0.949219 0.245714 0.955078 0.247619 0.957031 0.247619 0.958984 0.249524 0.960938 0.251429 0.960938 0.255238 0.964844 0.260952 0.964844 0.262857 0.962891 0.264762 0.962891 0.266667 0.960938 0.268571 0.960938 0.270476 0.958984 0.270476 0.945312 0.268571 0.943359 0.268571 0.941406 0.266667 0.941406 0.264762 0.939453
0 0.076190 0.878906 0.076190 0.880859 0.072381 0.884766 0.072381 0.892578 0.076190 0.896484 0.076190 0.898438 0.085714 0.898438 0.087619 0.896484 0.087619 0.894531 0.089524 0.892578 0.089524 0.884766 0.087619 0.882812 0.087619 0.880859 0.085714 0.878906