0 0.191406 0.083650 0.185547 0.089354 0.185547 0.104563 0.191406 0.110266 0.205078 0.110266 0.207031 0.108365 0.207031 0.106464 0.208984 0.104563 0.210938 0.104563 0.210938 0.098859 0.212891 0.096958 0.210938 0.095057 0.210938 0.091255 0.207031 0.087452 0.207031 0.085551 0.205078 0.083650
0 0.316406 0.045627 0.312500 0.049430 0.312500 0.057034 0.314453 0.058935 0.314453 0.060837 0.316406 0.062738 0.324219 0.062738 0.330078 0.057034 0.330078 0.049430 0.328125 0.047529 0.326172 0.047529 0.324219 0.045627
0 0.277344 0.142586 0.273438 0.146388 0.273438 0.153992 0.277344 0.157795 0.277344 0.159696 0.287109 0.159696 0.289062 0.157795 0.289062 0.155894 0.291016 0.153992 0.291016 0.146388 0.289062 0.144487 0.289062 0.142586
0 0.414062 0.083650 0.412109 0.085551 0.410156 0.085551 0.406250 0.089354 0.406250 0.102662 0.410156 0.106464 0.412109 0.106464 0.414062 0.108365 0.421875 0.108365 0.427734 0.102662 0.427734 0.100760 0.429688 0.098859 0.429688 0.091255 0.421875 0.083650
0 0.298828 0.226236 0.296875 0.228137 0.294922 0.228137 0.294922 0.233840 0.298828 0.237643 0.304688 0.237643 0.308594 0.233840 0.308594 0.228137 0.306641 0.228137 0.304688 0.226236
0 0.371094 0.193916 0.369141 0.195817 0.367188 0.195817 0.365234 0.197719 0.363281 0.197719 0.363281 0.199620 0.361328 0.201521 0.361328 0.209125 0.363281 0.211027 0.363281 0.212928 0.367188 0.216730 0.380859 0.216730 0.384766 0.212928 0.384766 0.211027 0.386719 0.209125 0.386719 0.201521 0.384766 0.199620 0.384766 0.197719 0.382812 0.197719 0.378906 0.193916
0 0.425781 0.159696 0.421875 0.163498 0.421875 0.167300 0.425781 0.171103 0.429688 0.171103 0.433594 0.167300 0.433594 0.163498 0.429688 0.159696
0 0.236328 0.247148 0.230469 0.252852 0.230469 0.262357 0.236328 0.268061 0.244141 0.268061 0.246094 0.266160 0.248047 0.266160 0.251953 0.262357 0.251953 0.252852 0.248047 0.249049 0.246094 0.249049 0.244141 0.247148
0 0.140625 0.294677 0.134766 0.300380 0.134766 0.307985 0.138672 0.311787 0.150391 0.311787 0.154297 0.307985 0.154297 0.300380 0.148438 0.294677
0 0.275391 0.307985 0.273438 0.309886 0.271484 0.309886 0.269531 0.311787 0.269531 0.325095 0.271484 0.326996 0.273438 0.326996 0.275391 0.328897 0.283203 0.328897 0.285156 0.326996 0.287109 0.326996 0.289062 0.325095 0.289062 0.323194 0.291016 0.321293 0.291016 0.313688 0.287109 0.309886 0.285156 0.309886 0.283203 0.307985
0 0.312500 0.315589 0.310547 0.317490 0.310547 0.321293 0.314453 0.325095 0.318359 0.325095 0.322266 0.321293 0.322266 0.317490 0.320312 0.315589
0 0.351562 0.275665 0.347656 0.279468 0.347656 0.281369 0.345703 0.283270 0.345703 0.290875 0.351562 0.296578 0.361328 0.296578 0.367188 0.290875 0.367188 0.283270 0.365234 0.281369 0.365234 0.279468 0.361328 0.275665
0 0.158203 0.387833 0.156250 0.389734 0.154297 0.389734 0.152344 0.391635 0.152344 0.401141 0.154297 0.401141 0.158203 0.404943 0.166016 0.404943 0.169922 0.401141 0.171875 0.401141 0.171875 0.391635 0.169922 0.389734 0.167969 0.389734 0.166016 0.387833
0 0.107422 0.442966 0.099609 0.450570 0.099609 0.460076 0.107422 0.467681 0.115234 0.467681 0.117188 0.465779 0.119141 0.465779 0.123047 0.461977 0.123047 0.448669 0.119141 0.444867 0.117188 0.444867 0.115234 0.442966
0 0.208984 0.429658 0.207031 0.431559 0.203125 0.431559 0.203125 0.433460 0.201172 0.435361 0.201172 0.442966 0.203125 0.444867 0.203125 0.446768 0.205078 0.448669 0.207031 0.448669 0.208984 0.450570 0.216797 0.450570 0.218750 0.448669 0.220703 0.448669 0.220703 0.444867 0.222656 0.442966 0.222656 0.435361 0.220703 0.433460 0.220703 0.431559 0.218750 0.431559 0.216797 0.429658
0 0.253906 0.361217 0.251953 0.363118 0.250000 0.363118 0.244141 0.368821 0.244141 0.376426 0.246094 0.378327 0.246094 0.380228 0.250000 0.384030 0.263672 0.384030 0.267578 0.380228 0.267578 0.378327 0.269531 0.376426 0.269531 0.368821 0.261719 0.361217
0 0.220703 0.490494 0.214844 0.496198 0.214844 0.503802 0.220703 0.509506 0.228516 0.509506 0.234375 0.503802 0.234375 0.496198 0.228516 0.490494
0 0.277344 0.435361 0.277344 0.437262 0.275391 0.439163 0.275391 0.442966 0.277344 0.444867 0.277344 0.446768 0.283203 0.446768 0.287109 0.442966 0.287109 0.439163 0.283203 0.435361
0 0.199219 0.579848 0.197266 0.581749 0.193359 0.581749 0.191406 0.583650 0.191406 0.585551 0.189453 0.587452 0.189453 0.595057 0.191406 0.596958 0.191406 0.598859 0.193359 0.600760 0.197266 0.600760 0.199219 0.602662 0.207031 0.602662 0.208984 0.600760 0.210938 0.600760 0.212891 0.598859 0.212891 0.596958 0.214844 0.595057 0.214844 0.587452 0.212891 0.585551 0.212891 0.583650 0.210938 0.581749 0.208984 0.581749 0.207031 0.579848
0 0.296875 0.558935 0.291016 0.564639 0.291016 0.574144 0.296875 0.579848 0.306641 0.579848 0.312500 0.574144 0.312500 0.564639 0.306641 0.558935
0 0.345703 0.610266 0.343750 0.612167 0.341797 0.612167 0.339844 0.614068 0.339844 0.615970 0.337891 0.617871 0.337891 0.625475 0.339844 0.627376 0.339844 0.629278 0.341797 0.631179 0.357422 0.631179 0.357422 0.627376 0.359375 0.625475 0.359375 0.617871 0.357422 0.615970 0.357422 0.612167 0.355469 0.612167 0.353516 0.610266
0 0.392578 0.595057 0.390625 0.596958 0.388672 0.596958 0.386719 0.598859 0.386719 0.612167 0.388672 0.614068 0.390625 0.614068 0.392578 0.615970 0.400391 0.615970 0.402344 0.614068 0.404297 0.614068 0.408203 0.610266 0.408203 0.600760 0.404297 0.596958 0.402344 0.596958 0.400391 0.595057
0 0.408203 0.545627 0.404297 0.549430 0.404297 0.551331 0.402344 0.553232 0.402344 0.560837 0.408203 0.566540 0.417969 0.566540 0.423828 0.560837 0.423828 0.553232 0.421875 0.551331 0.421875 0.549430 0.417969 0.545627
0 0.462891 0.587452 0.462891 0.589354 0.458984 0.593156 0.458984 0.600760 0.462891 0.604563 0.462891 0.606464 0.472656 0.606464 0.474609 0.604563 0.474609 0.602662 0.476562 0.600760 0.476562 0.593156 0.474609 0.591255 0.474609 0.589354 0.472656 0.587452
0 0.492188 0.769962 0.490234 0.771863 0.488281 0.771863 0.486328 0.773764 0.486328 0.787072 0.488281 0.788973 0.490234 0.788973 0.492188 0.790875 0.500000 0.790875 0.501953 0.788973 0.503906 0.788973 0.505859 0.787072 0.505859 0.773764 0.503906 0.771863 0.501953 0.771863 0.500000 0.769962
0 0.576172 0.680608 0.572266 0.684411 0.572266 0.695817 0.574219 0.695817 0.576172 0.697719 0.583984 0.697719 0.585938 0.695817 0.587891 0.695817 0.589844 0.693916 0.589844 0.684411 0.587891 0.684411 0.583984 0.680608
0 0.701172 0.711027 0.699219 0.712928 0.697266 0.712928 0.695312 0.714829 0.695312 0.716730 0.693359 0.718631 0.693359 0.726236 0.695312 0.728137 0.695312 0.730038 0.697266 0.731939 0.699219 0.731939 0.701172 0.733840 0.708984 0.733840 0.710938 0.731939 0.714844 0.731939 0.714844 0.728137 0.716797 0.726236 0.716797 0.718631 0.714844 0.716730 0.714844 0.714829 0.712891 0.712928 0.710938 0.712928 0.708984 0.711027
0 0.550781 0.593156 0.546875 0.596958 0.546875 0.604563 0.552734 0.610266 0.560547 0.610266 0.566406 0.604563 0.566406 0.596958 0.562500 0.593156
0 0.636719 0.577947 0.630859 0.583650 0.630859 0.591255 0.634766 0.595057 0.646484 0.595057 0.646484 0.593156 0.648438 0.591255 0.648438 0.583650 0.646484 0.581749 0.646484 0.579848 0.644531 0.577947
0 0.757812 0.621673 0.755859 0.623574 0.751953 0.623574 0.751953 0.638783 0.753906 0.640684 0.755859 0.640684 0.757812 0.642586 0.765625 0.642586 0.767578 0.640684 0.769531 0.640684 0.771484 0.638783 0.771484 0.623574 0.767578 0.623574 0.765625 0.621673
0 0.730469 0.538023 0.728516 0.539924 0.726562 0.539924 0.726562 0.541825 0.724609 0.543726 0.724609 0.551331 0.726562 0.553232 0.726562 0.555133 0.730469 0.558935 0.738281 0.558935 0.740234 0.557034 0.742188 0.557034 0.744141 0.555133 0.744141 0.553232 0.746094 0.551331 0.746094 0.543726 0.744141 0.541825 0.744141 0.539924 0.740234 0.539924 0.738281 0.538023
0 0.583984 0.528517 0.578125 0.534221 0.578125 0.541825 0.583984 0.547529 0.591797 0.547529 0.597656 0.541825 0.597656 0.534221 0.591797 0.528517
0 0.460938 0.520913 0.457031 0.524715 0.457031 0.530418 0.460938 0.534221 0.466797 0.534221 0.468750 0.532319 0.468750 0.522814 0.466797 0.520913
0 0.425781 0.515209 0.423828 0.517110 0.423828 0.522814 0.425781 0.524715 0.425781 0.526616 0.431641 0.526616 0.435547 0.522814 0.435547 0.517110 0.433594 0.515209
0 0.369141 0.517110 0.365234 0.520913 0.365234 0.522814 0.369141 0.526616 0.371094 0.526616 0.375000 0.522814 0.375000 0.520913 0.371094 0.517110
0 0.351562 0.467681 0.347656 0.471483 0.347656 0.473384 0.345703 0.475285 0.345703 0.482890 0.351562 0.488593 0.361328 0.488593 0.367188 0.482890 0.367188 0.475285 0.365234 0.473384 0.365234 0.471483 0.361328 0.467681
0 0.453125 0.461977 0.445312 0.469582 0.445312 0.482890 0.447266 0.482890 0.453125 0.488593 0.464844 0.488593 0.470703 0.482890 0.472656 0.482890 0.472656 0.477186 0.474609 0.475285 0.472656 0.473384 0.472656 0.469582 0.464844 0.461977
0 0.542969 0.473384 0.542969 0.475285 0.539062 0.479087 0.539062 0.486692 0.542969 0.490494 0.542969 0.492395 0.552734 0.492395 0.554688 0.490494 0.554688 0.488593 0.556641 0.486692 0.556641 0.479087 0.554688 0.477186 0.554688 0.475285 0.552734 0.473384
0 0.607422 0.442966 0.605469 0.444867 0.603516 0.444867 0.603516 0.448669 0.601562 0.450570 0.601562 0.458175 0.603516 0.460076 0.603516 0.461977 0.605469 0.461977 0.607422 0.463878 0.615234 0.463878 0.617188 0.461977 0.621094 0.461977 0.621094 0.460076 0.623047 0.458175 0.623047 0.450570 0.621094 0.448669 0.621094 0.446768 0.619141 0.444867 0.617188 0.444867 0.615234 0.442966
0 0.402344 0.435361 0.400391 0.437262 0.398438 0.437262 0.398438 0.439163 0.396484 0.441065 0.396484 0.448669 0.398438 0.450570 0.398438 0.452471 0.402344 0.456274 0.410156 0.456274 0.412109 0.454373 0.414062 0.454373 0.416016 0.452471 0.416016 0.450570 0.417969 0.448669 0.417969 0.441065 0.416016 0.439163 0.416016 0.437262 0.412109 0.437262 0.410156 0.435361
0 0.322266 0.370722 0.320312 0.372624 0.320312 0.374525 0.318359 0.376426 0.318359 0.384030 0.320312 0.385932 0.320312 0.387833 0.322266 0.389734 0.337891 0.389734 0.339844 0.387833 0.339844 0.372624 0.337891 0.370722
0 0.404297 0.332700 0.402344 0.334601 0.400391 0.334601 0.398438 0.336502 0.398438 0.338403 0.396484 0.340304 0.396484 0.347909 0.398438 0.349810 0.398438 0.351711 0.400391 0.353612 0.402344 0.353612 0.404297 0.355513 0.412109 0.355513 0.414062 0.353612 0.417969 0.353612 0.419922 0.351711 0.419922 0.336502 0.417969 0.334601 0.414062 0.334601 0.412109 0.332700
0 0.369141 0.397338 0.367188 0.399240 0.367188 0.404943 0.369141 0.406844 0.373047 0.406844 0.376953 0.403042 0.376953 0.401141 0.373047 0.397338
0 0.431641 0.385932 0.431641 0.387833 0.427734 0.391635 0.427734 0.399240 0.431641 0.403042 0.441406 0.403042 0.445312 0.399240 0.445312 0.391635 0.443359 0.389734 0.443359 0.387833 0.441406 0.385932
0 0.476562 0.418251 0.474609 0.420152 0.474609 0.423954 0.472656 0.425856 0.472656 0.433460 0.474609 0.435361 0.474609 0.437262 0.476562 0.439163 0.478516 0.439163 0.480469 0.441065 0.488281 0.441065 0.490234 0.439163 0.492188 0.439163 0.494141 0.437262 0.494141 0.435361 0.496094 0.433460 0.496094 0.425856 0.494141 0.423954 0.494141 0.422053 0.492188 0.420152 0.492188 0.418251
0 0.525391 0.408745 0.517578 0.416350 0.517578 0.423954 0.519531 0.425856 0.519531 0.427757 0.525391 0.433460 0.535156 0.433460 0.541016 0.427757 0.541016 0.425856 0.542969 0.423954 0.542969 0.416350 0.535156 0.408745
0 0.576172 0.395437 0.570312 0.401141 0.570312 0.414449 0.576172 0.420152 0.589844 0.420152 0.591797 0.418251 0.593750 0.418251 0.597656 0.414449 0.597656 0.401141 0.593750 0.397338 0.591797 0.397338 0.589844 0.395437
0 0.679688 0.406844 0.675781 0.410646 0.675781 0.412548 0.673828 0.414449 0.673828 0.422053 0.675781 0.423954 0.675781 0.425856 0.677734 0.425856 0.679688 0.427757 0.689453 0.427757 0.691406 0.425856 0.693359 0.425856 0.693359 0.423954 0.695312 0.422053 0.695312 0.414449 0.693359 0.412548 0.693359 0.410646 0.689453 0.406844
0 0.503906 0.365019 0.501953 0.366920 0.500000 0.366920 0.500000 0.368821 0.496094 0.372624 0.496094 0.382129 0.500000 0.385932 0.500000 0.387833 0.501953 0.387833 0.503906 0.389734 0.511719 0.389734 0.513672 0.387833 0.515625 0.387833 0.517578 0.385932 0.517578 0.384030 0.519531 0.382129 0.519531 0.372624 0.517578 0.370722 0.517578 0.368821 0.515625 0.366920 0.513672 0.366920 0.511719 0.365019
0 0.470703 0.307985 0.468750 0.309886 0.466797 0.309886 0.464844 0.311787 0.462891 0.311787 0.462891 0.313688 0.460938 0.315589 0.460938 0.323194 0.462891 0.325095 0.462891 0.326996 0.466797 0.330798 0.480469 0.330798 0.484375 0.326996 0.484375 0.325095 0.486328 0.323194 0.486328 0.315589 0.484375 0.313688 0.484375 0.311787 0.482422 0.311787 0.478516 0.307985
0 0.531250 0.334601 0.529297 0.336502 0.529297 0.347909 0.533203 0.351711 0.541016 0.351711 0.546875 0.346008 0.546875 0.338403 0.542969 0.334601
0 0.597656 0.349810 0.593750 0.353612 0.593750 0.355513 0.597656 0.359316 0.599609 0.359316 0.603516 0.355513 0.603516 0.353612 0.599609 0.349810
0 0.675781 0.351711 0.671875 0.355513 0.671875 0.359316 0.675781 0.363118 0.681641 0.363118 0.685547 0.359316 0.685547 0.355513 0.681641 0.351711
0 0.445312 0.260456 0.441406 0.264259 0.439453 0.264259 0.439453 0.266160 0.437500 0.268061 0.437500 0.275665 0.439453 0.277567 0.439453 0.279468 0.441406 0.281369 0.443359 0.281369 0.445312 0.283270 0.455078 0.283270 0.457031 0.281369 0.458984 0.281369 0.460938 0.279468 0.460938 0.277567 0.462891 0.275665 0.462891 0.268061 0.460938 0.266160 0.460938 0.264259 0.458984 0.264259 0.455078 0.260456
0 0.541016 0.292776 0.539062 0.294677 0.539062 0.296578 0.537109 0.298479 0.537109 0.306084 0.539062 0.307985 0.539062 0.309886 0.541016 0.311787 0.554688 0.311787 0.556641 0.309886 0.556641 0.307985 0.558594 0.306084 0.558594 0.298479 0.556641 0.296578 0.556641 0.294677 0.554688 0.292776
0 0.628906 0.294677 0.623047 0.300380 0.623047 0.307985 0.626953 0.311787 0.638672 0.311787 0.642578 0.307985 0.642578 0.300380 0.636719 0.294677
0 0.804688 0.334601 0.800781 0.338403 0.800781 0.353612 0.802734 0.353612 0.804688 0.355513 0.806641 0.355513 0.808594 0.357414 0.816406 0.357414 0.818359 0.355513 0.820312 0.355513 0.822266 0.353612 0.822266 0.351711 0.824219 0.349810 0.824219 0.342205 0.822266 0.340304 0.822266 0.338403 0.820312 0.336502 0.820312 0.334601
0 0.765625 0.315589 0.761719 0.319392 0.761719 0.323194 0.765625 0.326996 0.769531 0.326996 0.773438 0.323194 0.773438 0.319392 0.769531 0.315589
0 0.699219 0.258555 0.693359 0.264259 0.693359 0.273764 0.699219 0.279468 0.707031 0.279468 0.708984 0.277567 0.710938 0.277567 0.714844 0.273764 0.714844 0.264259 0.710938 0.260456 0.708984 0.260456 0.707031 0.258555
0 0.646484 0.226236 0.642578 0.230038 0.642578 0.233840 0.644531 0.235741 0.650391 0.235741 0.652344 0.233840 0.652344 0.230038 0.648438 0.226236
0 0.562500 0.228137 0.560547 0.230038 0.558594 0.230038 0.556641 0.231939 0.556641 0.233840 0.554688 0.235741 0.554688 0.243346 0.558594 0.247148 0.560547 0.247148 0.562500 0.249049 0.570312 0.249049 0.576172 0.243346 0.576172 0.235741 0.574219 0.233840 0.574219 0.231939 0.570312 0.228137
0 0.482422 0.159696 0.480469 0.161597 0.478516 0.161597 0.474609 0.165399 0.474609 0.167300 0.472656 0.169202 0.472656 0.176806 0.478516 0.182510 0.480469 0.182510 0.482422 0.184411 0.490234 0.184411 0.498047 0.176806 0.498047 0.169202 0.496094 0.167300 0.496094 0.165399 0.490234 0.159696
0 0.605469 0.152091 0.603516 0.153992 0.601562 0.153992 0.599609 0.155894 0.597656 0.155894 0.597656 0.171103 0.599609 0.173004 0.603516 0.173004 0.605469 0.174905 0.613281 0.174905 0.615234 0.173004 0.617188 0.173004 0.619141 0.171103 0.619141 0.169202 0.621094 0.167300 0.621094 0.159696 0.619141 0.157795 0.619141 0.155894 0.617188 0.155894 0.613281 0.152091
0 0.542969 0.140684 0.541016 0.142586 0.541016 0.146388 0.544922 0.150190 0.548828 0.150190 0.550781 0.148289 0.550781 0.140684
0 0.517578 0.077947 0.513672 0.081749 0.513672 0.083650 0.517578 0.087452 0.519531 0.087452 0.523438 0.083650 0.523438 0.081749 0.519531 0.077947
0 0.562500 0.081749 0.556641 0.087452 0.556641 0.089354 0.554688 0.091255 0.554688 0.098859 0.562500 0.106464 0.572266 0.106464 0.580078 0.098859 0.580078 0.091255 0.578125 0.089354 0.578125 0.087452 0.572266 0.081749
0 0.683594 0.152091 0.679688 0.155894 0.677734 0.155894 0.677734 0.165399 0.679688 0.167300 0.681641 0.167300 0.683594 0.169202 0.691406 0.169202 0.693359 0.167300 0.695312 0.167300 0.697266 0.165399 0.697266 0.155894 0.695312 0.155894 0.691406 0.152091
0 0.791016 0.167300 0.789062 0.169202 0.789062 0.171103 0.787109 0.173004 0.787109 0.180608 0.789062 0.182510 0.789062 0.184411 0.791016 0.186312 0.800781 0.186312 0.800781 0.184411 0.804688 0.180608 0.804688 0.173004 0.800781 0.169202 0.800781 0.167300
0 0.787109 0.095057 0.783203 0.098859 0.783203 0.104563 0.787109 0.108365 0.792969 0.108365 0.796875 0.104563 0.796875 0.098859 0.792969 0.095057
0 0.722656 0.062738 0.720703 0.064639 0.718750 0.064639 0.718750 0.066540 0.716797 0.068441 0.716797 0.076046 0.718750 0.077947 0.718750 0.079848 0.722656 0.083650 0.732422 0.083650 0.736328 0.079848 0.736328 0.077947 0.738281 0.076046 0.738281 0.068441 0.736328 0.066540 0.736328 0.064639 0.734375 0.064639 0.732422 0.062738