0 0.015474 0.095703 0.007737 0.103516 0.007737 0.105469 0.003868 0.109375 0.001934 0.109375 0.001934 0.113281 0.000000 0.115234 0.000000 0.148438 0.005803 0.148438 0.007737 0.150391 0.021277 0.150391 0.023211 0.152344 0.038685 0.152344 0.042553 0.148438 0.042553 0.146484 0.044487 0.144531 0.044487 0.130859 0.042553 0.128906 0.042553 0.125000 0.040619 0.123047 0.040619 0.119141 0.038685 0.117188 0.038685 0.109375 0.036750 0.107422 0.036750 0.105469 0.032882 0.101562 0.030948 0.101562 0.025145 0.095703
0 0.491296 0.000000 0.489362 0.001953 0.479691 0.001953 0.477756 0.003906 0.477756 0.007812 0.475822 0.009766 0.475822 0.011719 0.473888 0.013672 0.473888 0.025391 0.483559 0.035156 0.491296 0.035156 0.493230 0.037109 0.500967 0.037109 0.502901 0.035156 0.504836 0.035156 0.506770 0.033203 0.510638 0.033203 0.510638 0.007812 0.506770 0.003906 0.504836 0.003906 0.502901 0.001953 0.495164 0.001953 0.493230 0.000000
0 0.580271 0.138672 0.578337 0.140625 0.572534 0.140625 0.570600 0.142578 0.568665 0.142578 0.564797 0.146484 0.562863 0.146484 0.560928 0.148438 0.560928 0.150391 0.558994 0.152344 0.558994 0.154297 0.557060 0.156250 0.557060 0.158203 0.555126 0.160156 0.555126 0.169922 0.560928 0.175781 0.560928 0.177734 0.566731 0.183594 0.570600 0.183594 0.572534 0.185547 0.576402 0.185547 0.578337 0.183594 0.595745 0.183594 0.597679 0.181641 0.597679 0.167969 0.599613 0.166016 0.599613 0.158203 0.597679 0.156250 0.597679 0.146484 0.595745 0.144531 0.595745 0.142578 0.589942 0.142578 0.588008 0.140625 0.586074 0.140625 0.584139 0.138672
0 0.649903 0.185547 0.642166 0.193359 0.640232 0.193359 0.640232 0.220703 0.649903 0.230469 0.651838 0.230469 0.653772 0.232422 0.661509 0.232422 0.663443 0.230469 0.669246 0.230469 0.671180 0.228516 0.675048 0.228516 0.676983 0.226562 0.676983 0.224609 0.680851 0.220703 0.680851 0.216797 0.682785 0.214844 0.682785 0.199219 0.680851 0.197266 0.680851 0.195312 0.678917 0.195312 0.676983 0.193359 0.676983 0.191406 0.671180 0.185547
0 0.719536 0.265625 0.717602 0.267578 0.704062 0.267578 0.704062 0.269531 0.700193 0.273438 0.700193 0.275391 0.698259 0.277344 0.698259 0.292969 0.702128 0.296875 0.702128 0.300781 0.704062 0.300781 0.711799 0.308594 0.717602 0.308594 0.719536 0.306641 0.723404 0.306641 0.725338 0.304688 0.727273 0.304688 0.731141 0.300781 0.733075 0.300781 0.738878 0.294922 0.738878 0.292969 0.740812 0.291016 0.740812 0.281250 0.738878 0.279297 0.738878 0.275391 0.735010 0.271484 0.733075 0.271484 0.729207 0.267578 0.727273 0.267578 0.725338 0.265625
0 0.880077 0.214844 0.876209 0.218750 0.874275 0.218750 0.870406 0.222656 0.870406 0.226562 0.868472 0.228516 0.868472 0.230469 0.866538 0.232422 0.866538 0.246094 0.872340 0.251953 0.872340 0.253906 0.874275 0.255859 0.876209 0.255859 0.882012 0.261719 0.883946 0.261719 0.885880 0.263672 0.897485 0.263672 0.897485 0.261719 0.901354 0.257812 0.903288 0.257812 0.905222 0.255859 0.907157 0.255859 0.907157 0.251953 0.911025 0.248047 0.912959 0.248047 0.912959 0.232422 0.911025 0.230469 0.911025 0.228516 0.907157 0.224609 0.907157 0.222656 0.905222 0.222656 0.901354 0.218750 0.899420 0.218750 0.897485 0.216797 0.897485 0.214844
0 0.663443 0.371094 0.661509 0.373047 0.659574 0.373047 0.657640 0.375000 0.657640 0.392578 0.661509 0.396484 0.661509 0.398438 0.663443 0.400391 0.663443 0.402344 0.665377 0.404297 0.665377 0.406250 0.667311 0.408203 0.667311 0.410156 0.669246 0.410156 0.673114 0.414062 0.673114 0.416016 0.675048 0.416016 0.676983 0.417969 0.676983 0.419922 0.686654 0.419922 0.690522 0.416016 0.690522 0.414062 0.692456 0.412109 0.692456 0.398438 0.684720 0.390625 0.684720 0.386719 0.676983 0.378906 0.676983 0.376953 0.675048 0.376953 0.673114 0.375000 0.671180 0.375000 0.667311 0.371094
0 0.733075 0.417969 0.731141 0.419922 0.729207 0.419922 0.723404 0.425781 0.723404 0.443359 0.733075 0.453125 0.738878 0.453125 0.740812 0.455078 0.744681 0.455078 0.746615 0.453125 0.752418 0.453125 0.762089 0.443359 0.762089 0.437500 0.765957 0.433594 0.765957 0.429688 0.764023 0.427734 0.764023 0.423828 0.762089 0.421875 0.762089 0.419922 0.756286 0.419922 0.754352 0.417969
0 0.572534 0.402344 0.570600 0.404297 0.562863 0.404297 0.562863 0.406250 0.555126 0.414062 0.555126 0.416016 0.553191 0.417969 0.553191 0.419922 0.551257 0.421875 0.551257 0.423828 0.549323 0.425781 0.549323 0.427734 0.547389 0.429688 0.549323 0.431641 0.549323 0.433594 0.553191 0.437500 0.553191 0.439453 0.555126 0.441406 0.555126 0.443359 0.558994 0.447266 0.560928 0.447266 0.562863 0.449219 0.574468 0.449219 0.576402 0.447266 0.578337 0.447266 0.584139 0.441406 0.586074 0.441406 0.591876 0.435547 0.591876 0.433594 0.593810 0.431641 0.593810 0.427734 0.595745 0.425781 0.595745 0.417969 0.597679 0.416016 0.597679 0.414062 0.593810 0.410156 0.593810 0.408203 0.591876 0.406250 0.591876 0.404297 0.580271 0.404297 0.578337 0.402344
0 0.402321 0.318359 0.400387 0.320312 0.396518 0.320312 0.394584 0.322266 0.390716 0.322266 0.390716 0.341797 0.392650 0.343750 0.392650 0.345703 0.394584 0.345703 0.396518 0.347656 0.396518 0.349609 0.402321 0.355469 0.415861 0.355469 0.417795 0.353516 0.421663 0.353516 0.423598 0.351562 0.423598 0.347656 0.425532 0.345703 0.425532 0.343750 0.427466 0.341797 0.425532 0.339844 0.425532 0.328125 0.423598 0.326172 0.423598 0.324219 0.419729 0.320312 0.419729 0.318359
0 0.441006 0.376953 0.439072 0.378906 0.433269 0.378906 0.429400 0.382812 0.427466 0.382812 0.425532 0.384766 0.423598 0.384766 0.421663 0.386719 0.421663 0.388672 0.419729 0.390625 0.419729 0.396484 0.421663 0.398438 0.421663 0.404297 0.423598 0.406250 0.423598 0.410156 0.425532 0.412109 0.425532 0.414062 0.427466 0.416016 0.431335 0.416016 0.433269 0.417969 0.433269 0.419922 0.435203 0.421875 0.439072 0.421875 0.441006 0.419922 0.446809 0.419922 0.448743 0.417969 0.452611 0.417969 0.454545 0.416016 0.454545 0.414062 0.458414 0.410156 0.458414 0.408203 0.460348 0.406250 0.460348 0.392578 0.458414 0.390625 0.458414 0.386719 0.456480 0.384766 0.454545 0.384766 0.450677 0.380859 0.448743 0.380859 0.444874 0.376953
0 0.369439 0.349609 0.367505 0.351562 0.363636 0.351562 0.355899 0.359375 0.353965 0.359375 0.353965 0.363281 0.352031 0.365234 0.352031 0.376953 0.355899 0.380859 0.355899 0.384766 0.357834 0.386719 0.357834 0.390625 0.359768 0.392578 0.359768 0.394531 0.361702 0.394531 0.367505 0.400391 0.381044 0.400391 0.382979 0.398438 0.384913 0.398438 0.388781 0.394531 0.390716 0.394531 0.390716 0.390625 0.392650 0.388672 0.392650 0.386719 0.394584 0.384766 0.394584 0.380859 0.396518 0.378906 0.396518 0.376953 0.394584 0.375000 0.394584 0.359375 0.392650 0.359375 0.384913 0.351562 0.381044 0.351562 0.379110 0.349609
0 0.307544 0.380859 0.305609 0.382812 0.303675 0.382812 0.301741 0.384766 0.301741 0.386719 0.295938 0.392578 0.295938 0.396484 0.294004 0.398438 0.294004 0.414062 0.295938 0.416016 0.295938 0.419922 0.297872 0.421875 0.297872 0.423828 0.301741 0.427734 0.301741 0.429688 0.305609 0.433594 0.307544 0.433594 0.315280 0.441406 0.326886 0.441406 0.328820 0.439453 0.330754 0.439453 0.332689 0.437500 0.334623 0.437500 0.338491 0.433594 0.340426 0.433594 0.342360 0.431641 0.342360 0.429688 0.344294 0.427734 0.344294 0.425781 0.346228 0.423828 0.346228 0.408203 0.344294 0.406250 0.344294 0.402344 0.342360 0.400391 0.342360 0.398438 0.336557 0.392578 0.336557 0.388672 0.332689 0.384766 0.330754 0.384766 0.328820 0.382812 0.326886 0.382812 0.324952 0.380859
0 0.359768 0.445312 0.357834 0.447266 0.353965 0.447266 0.352031 0.449219 0.348162 0.449219 0.346228 0.451172 0.346228 0.453125 0.344294 0.455078 0.344294 0.468750 0.350097 0.474609 0.350097 0.476562 0.352031 0.476562 0.353965 0.478516 0.355899 0.478516 0.357834 0.480469 0.369439 0.480469 0.369439 0.478516 0.371373 0.476562 0.373308 0.476562 0.375242 0.474609 0.375242 0.458984 0.373308 0.458984 0.371373 0.457031 0.371373 0.455078 0.369439 0.453125 0.369439 0.449219 0.367505 0.449219 0.365571 0.447266 0.361702 0.447266
0 0.290135 0.470703 0.286267 0.474609 0.284333 0.474609 0.280464 0.478516 0.280464 0.482422 0.278530 0.484375 0.278530 0.507812 0.284333 0.513672 0.284333 0.515625 0.286267 0.515625 0.288201 0.517578 0.288201 0.519531 0.290135 0.521484 0.294004 0.521484 0.295938 0.523438 0.303675 0.523438 0.305609 0.521484 0.311412 0.521484 0.321083 0.511719 0.321083 0.490234 0.319149 0.488281 0.319149 0.486328 0.317215 0.484375 0.317215 0.480469 0.315280 0.478516 0.313346 0.478516 0.307544 0.472656 0.305609 0.472656 0.303675 0.470703
0 0.247582 0.392578 0.245648 0.394531 0.243714 0.394531 0.243714 0.398438 0.239845 0.402344 0.239845 0.406250 0.237911 0.408203 0.237911 0.414062 0.239845 0.416016 0.239845 0.423828 0.241779 0.423828 0.243714 0.425781 0.243714 0.427734 0.245648 0.427734 0.247582 0.429688 0.261122 0.429688 0.261122 0.427734 0.263056 0.425781 0.263056 0.423828 0.264990 0.421875 0.264990 0.400391 0.259188 0.394531 0.255319 0.394531 0.253385 0.392578
0 0.230174 0.480469 0.226306 0.484375 0.224371 0.484375 0.220503 0.488281 0.220503 0.492188 0.218569 0.494141 0.218569 0.515625 0.220503 0.517578 0.220503 0.519531 0.226306 0.525391 0.228240 0.525391 0.230174 0.527344 0.245648 0.527344 0.247582 0.525391 0.247582 0.523438 0.251451 0.519531 0.253385 0.519531 0.255319 0.517578 0.255319 0.509766 0.257253 0.507812 0.257253 0.490234 0.255319 0.488281 0.255319 0.486328 0.253385 0.484375 0.251451 0.484375 0.249516 0.482422 0.245648 0.482422 0.243714 0.480469
0 0.197292 0.378906 0.195358 0.380859 0.191489 0.380859 0.189555 0.382812 0.185687 0.382812 0.183752 0.384766 0.179884 0.384766 0.177950 0.386719 0.168279 0.386719 0.166344 0.388672 0.162476 0.388672 0.160542 0.390625 0.158607 0.390625 0.156673 0.392578 0.150870 0.392578 0.148936 0.394531 0.141199 0.394531 0.139265 0.396484 0.135397 0.396484 0.133462 0.398438 0.129594 0.398438 0.127660 0.400391 0.123791 0.400391 0.121857 0.402344 0.112186 0.402344 0.110251 0.404297 0.106383 0.404297 0.104449 0.406250 0.102515 0.406250 0.100580 0.408203 0.096712 0.408203 0.094778 0.410156 0.090909 0.410156 0.088975 0.412109 0.079304 0.412109 0.077369 0.414062 0.071567 0.414062 0.069632 0.416016 0.065764 0.416016 0.063830 0.417969 0.059961 0.417969 0.058027 0.419922 0.056093 0.419922 0.054159 0.421875 0.054159 0.423828 0.050290 0.427734 0.050290 0.449219 0.048356 0.451172 0.048356 0.453125 0.054159 0.458984 0.054159 0.460938 0.071567 0.478516 0.071567 0.480469 0.075435 0.484375 0.077369 0.484375 0.079304 0.486328 0.079304 0.488281 0.083172 0.492188 0.085106 0.492188 0.087041 0.494141 0.087041 0.496094 0.090909 0.500000 0.092843 0.500000 0.094778 0.501953 0.094778 0.503906 0.102515 0.511719 0.102515 0.513672 0.104449 0.515625 0.106383 0.515625 0.110251 0.519531 0.110251 0.521484 0.112186 0.523438 0.114120 0.523438 0.119923 0.529297 0.119923 0.531250 0.121857 0.531250 0.125725 0.535156 0.125725 0.537109 0.135397 0.546875 0.135397 0.548828 0.137331 0.548828 0.143133 0.554688 0.143133 0.556641 0.145068 0.556641 0.150870 0.562500 0.150870 0.564453 0.152805 0.564453 0.160542 0.572266 0.162476 0.572266 0.166344 0.576172 0.168279 0.576172 0.170213 0.578125 0.183752 0.578125 0.189555 0.572266 0.191489 0.572266 0.193424 0.570312 0.193424 0.568359 0.199226 0.562500 0.199226 0.552734 0.201161 0.550781 0.201161 0.546875 0.203095 0.544922 0.203095 0.541016 0.205029 0.539062 0.205029 0.535156 0.206963 0.533203 0.206963 0.525391 0.208897 0.523438 0.208897 0.517578 0.210832 0.515625 0.210832 0.511719 0.212766 0.509766 0.212766 0.505859 0.214700 0.503906 0.214700 0.500000 0.216634 0.498047 0.216634 0.488281 0.218569 0.486328 0.218569 0.482422 0.220503 0.480469 0.220503 0.476562 0.222437 0.474609 0.222437 0.468750 0.224371 0.466797 0.224371 0.457031 0.226306 0.455078 0.226306 0.451172 0.228240 0.449219 0.228240 0.445312 0.230174 0.443359 0.230174 0.437500 0.232108 0.435547 0.232108 0.423828 0.234043 0.421875 0.234043 0.394531 0.232108 0.392578 0.232108 0.386719 0.228240 0.382812 0.228240 0.380859 0.226306 0.380859 0.224371 0.378906
0 0.009671 0.515625 0.007737 0.517578 0.000000 0.517578 0.000000 0.572266 0.001934 0.572266 0.003868 0.570312 0.017408 0.570312 0.021277 0.566406 0.027079 0.566406 0.027079 0.564453 0.032882 0.558594 0.032882 0.554688 0.034816 0.552734 0.034816 0.541016 0.032882 0.539062 0.032882 0.535156 0.029014 0.531250 0.029014 0.529297 0.027079 0.527344 0.027079 0.523438 0.025145 0.523438 0.019342 0.517578 0.013540 0.517578 0.011605 0.515625
0 0.282398 0.656250 0.280464 0.658203 0.278530 0.658203 0.276596 0.660156 0.276596 0.662109 0.272727 0.666016 0.270793 0.666016 0.270793 0.669922 0.268859 0.671875 0.268859 0.691406 0.276596 0.699219 0.278530 0.699219 0.280464 0.701172 0.284333 0.701172 0.286267 0.703125 0.288201 0.701172 0.301741 0.701172 0.303675 0.699219 0.305609 0.699219 0.307544 0.697266 0.309478 0.697266 0.309478 0.695312 0.313346 0.691406 0.313346 0.671875 0.311412 0.669922 0.311412 0.666016 0.309478 0.664062 0.309478 0.660156 0.305609 0.660156 0.303675 0.658203 0.301741 0.658203 0.299807 0.656250
0 0.228240 0.916016 0.228240 0.929688 0.232108 0.929688 0.234043 0.931641 0.235977 0.929688 0.239845 0.929688 0.239845 0.923828 0.241779 0.921875 0.241779 0.919922 0.239845 0.917969 0.239845 0.916016
0 0.299807 0.718750 0.295938 0.722656 0.294004 0.722656 0.292070 0.724609 0.290135 0.724609 0.290135 0.736328 0.292070 0.738281 0.292070 0.740234 0.294004 0.742188 0.294004 0.744141 0.295938 0.744141 0.297872 0.746094 0.309478 0.746094 0.313346 0.742188 0.313346 0.736328 0.315280 0.734375 0.315280 0.728516 0.313346 0.726562 0.313346 0.724609 0.309478 0.720703 0.307544 0.720703 0.305609 0.718750
0 0.336557 0.744141 0.334623 0.746094 0.332689 0.746094 0.330754 0.748047 0.328820 0.748047 0.324952 0.751953 0.324952 0.753906 0.323017 0.755859 0.323017 0.759766 0.321083 0.761719 0.321083 0.765625 0.323017 0.767578 0.323017 0.771484 0.324952 0.773438 0.324952 0.775391 0.328820 0.779297 0.328820 0.783203 0.330754 0.783203 0.334623 0.787109 0.334623 0.789062 0.336557 0.791016 0.336557 0.792969 0.353965 0.792969 0.355899 0.791016 0.357834 0.791016 0.359768 0.789062 0.359768 0.787109 0.365571 0.781250 0.365571 0.763672 0.363636 0.761719 0.363636 0.759766 0.359768 0.755859 0.359768 0.753906 0.357834 0.751953 0.357834 0.750000 0.352031 0.744141
0 0.321083 0.664062 0.319149 0.666016 0.319149 0.667969 0.317215 0.669922 0.317215 0.671875 0.315280 0.673828 0.315280 0.699219 0.319149 0.703125 0.319149 0.705078 0.336557 0.705078 0.338491 0.703125 0.340426 0.703125 0.342360 0.701172 0.346228 0.701172 0.346228 0.697266 0.348162 0.695312 0.348162 0.693359 0.350097 0.691406 0.350097 0.687500 0.348162 0.685547 0.348162 0.681641 0.346228 0.679688 0.346228 0.673828 0.344294 0.671875 0.344294 0.669922 0.338491 0.664062
0 0.365571 0.693359 0.363636 0.695312 0.361702 0.695312 0.359768 0.697266 0.359768 0.699219 0.357834 0.701172 0.357834 0.703125 0.355899 0.705078 0.355899 0.712891 0.353965 0.714844 0.353965 0.716797 0.355899 0.718750 0.355899 0.720703 0.361702 0.726562 0.363636 0.726562 0.365571 0.728516 0.367505 0.728516 0.369439 0.730469 0.375242 0.730469 0.377176 0.728516 0.384913 0.728516 0.390716 0.722656 0.390716 0.701172 0.388781 0.699219 0.388781 0.697266 0.386847 0.695312 0.384913 0.695312 0.382979 0.693359
0 0.425532 0.615234 0.423598 0.617188 0.419729 0.617188 0.417795 0.619141 0.413926 0.619141 0.413926 0.621094 0.411992 0.623047 0.411992 0.626953 0.410058 0.628906 0.410058 0.636719 0.411992 0.638672 0.411992 0.646484 0.413926 0.648438 0.413926 0.650391 0.415861 0.652344 0.427466 0.652344 0.429400 0.654297 0.431335 0.652344 0.448743 0.652344 0.448743 0.644531 0.450677 0.642578 0.450677 0.626953 0.448743 0.625000 0.448743 0.623047 0.446809 0.621094 0.446809 0.619141 0.442940 0.619141 0.441006 0.617188 0.439072 0.617188 0.437137 0.615234
0 0.533849 0.591797 0.531915 0.593750 0.528046 0.593750 0.526112 0.595703 0.524178 0.595703 0.518375 0.601562 0.516441 0.601562 0.514507 0.603516 0.514507 0.626953 0.516441 0.628906 0.516441 0.632812 0.526112 0.642578 0.526112 0.644531 0.533849 0.652344 0.537718 0.652344 0.539652 0.654297 0.541586 0.654297 0.543520 0.656250 0.551257 0.656250 0.555126 0.652344 0.558994 0.652344 0.568665 0.642578 0.568665 0.640625 0.570600 0.638672 0.570600 0.636719 0.572534 0.634766 0.572534 0.632812 0.574468 0.630859 0.574468 0.623047 0.572534 0.621094 0.572534 0.613281 0.568665 0.609375 0.568665 0.605469 0.566731 0.603516 0.566731 0.601562 0.564797 0.601562 0.562863 0.599609 0.560928 0.599609 0.557060 0.595703 0.555126 0.595703 0.553191 0.593750 0.545455 0.593750 0.543520 0.591797
0 0.502901 0.664062 0.500967 0.666016 0.491296 0.666016 0.489362 0.667969 0.487427 0.667969 0.477756 0.677734 0.477756 0.679688 0.475822 0.681641 0.475822 0.685547 0.473888 0.687500 0.473888 0.701172 0.477756 0.705078 0.477756 0.708984 0.479691 0.710938 0.479691 0.712891 0.481625 0.712891 0.485493 0.716797 0.485493 0.718750 0.493230 0.726562 0.493230 0.728516 0.497099 0.728516 0.499033 0.730469 0.500967 0.730469 0.502901 0.732422 0.502901 0.734375 0.504836 0.734375 0.506770 0.736328 0.518375 0.736328 0.520309 0.738281 0.522244 0.736328 0.531915 0.736328 0.535783 0.732422 0.535783 0.730469 0.537718 0.728516 0.539652 0.728516 0.539652 0.724609 0.541586 0.722656 0.541586 0.720703 0.543520 0.718750 0.543520 0.697266 0.545455 0.695312 0.545455 0.693359 0.543520 0.691406 0.543520 0.681641 0.541586 0.679688 0.541586 0.677734 0.539652 0.675781 0.539652 0.673828 0.531915 0.666016 0.529981 0.666016 0.528046 0.664062
0 0.495164 0.738281 0.493230 0.740234 0.487427 0.740234 0.483559 0.744141 0.481625 0.744141 0.481625 0.761719 0.483559 0.763672 0.483559 0.765625 0.485493 0.767578 0.485493 0.769531 0.487427 0.771484 0.487427 0.773438 0.489362 0.775391 0.491296 0.775391 0.495164 0.779297 0.508704 0.779297 0.512573 0.775391 0.514507 0.775391 0.518375 0.771484 0.518375 0.769531 0.520309 0.767578 0.520309 0.757812 0.522244 0.755859 0.522244 0.751953 0.518375 0.748047 0.518375 0.746094 0.514507 0.742188 0.512573 0.742188 0.508704 0.738281
0 0.557060 0.718750 0.555126 0.720703 0.551257 0.720703 0.549323 0.722656 0.549323 0.728516 0.551257 0.730469 0.551257 0.734375 0.555126 0.738281 0.555126 0.742188 0.557060 0.742188 0.558994 0.744141 0.570600 0.744141 0.574468 0.740234 0.574468 0.724609 0.570600 0.720703 0.568665 0.720703 0.566731 0.718750
0 0.555126 0.785156 0.553191 0.787109 0.547389 0.787109 0.543520 0.791016 0.541586 0.791016 0.537718 0.794922 0.537718 0.798828 0.535783 0.800781 0.535783 0.808594 0.533849 0.810547 0.533849 0.812500 0.535783 0.814453 0.535783 0.818359 0.537718 0.820312 0.537718 0.826172 0.539652 0.828125 0.539652 0.830078 0.541586 0.832031 0.541586 0.833984 0.543520 0.833984 0.547389 0.837891 0.547389 0.839844 0.551257 0.839844 0.555126 0.843750 0.555126 0.845703 0.557060 0.847656 0.576402 0.847656 0.578337 0.845703 0.580271 0.845703 0.582205 0.843750 0.584139 0.843750 0.586074 0.841797 0.588008 0.841797 0.591876 0.837891 0.593810 0.837891 0.593810 0.835938 0.595745 0.833984 0.595745 0.832031 0.597679 0.830078 0.597679 0.824219 0.599613 0.822266 0.599613 0.816406 0.597679 0.814453 0.597679 0.802734 0.593810 0.798828 0.593810 0.796875 0.591876 0.796875 0.589942 0.794922 0.589942 0.792969 0.588008 0.792969 0.582205 0.787109 0.574468 0.787109 0.572534 0.785156
0 0.692456 0.753906 0.690522 0.755859 0.686654 0.755859 0.680851 0.761719 0.678917 0.761719 0.678917 0.763672 0.676983 0.765625 0.676983 0.771484 0.675048 0.773438 0.675048 0.781250 0.678917 0.785156 0.678917 0.787109 0.684720 0.792969 0.686654 0.792969 0.692456 0.798828 0.694391 0.798828 0.696325 0.796875 0.702128 0.796875 0.704062 0.794922 0.705996 0.794922 0.709865 0.791016 0.711799 0.791016 0.711799 0.783203 0.713733 0.781250 0.713733 0.761719 0.709865 0.757812 0.707930 0.757812 0.705996 0.755859 0.702128 0.755859 0.700193 0.753906
0 0.618956 0.939453 0.617021 0.941406 0.613153 0.941406 0.611219 0.943359 0.611219 0.949219 0.609284 0.951172 0.609284 0.957031 0.607350 0.958984 0.607350 0.960938 0.609284 0.962891 0.609284 0.966797 0.611219 0.968750 0.611219 0.972656 0.613153 0.972656 0.615087 0.974609 0.618956 0.974609 0.622824 0.978516 0.632495 0.978516 0.647969 0.962891 0.647969 0.945312 0.646035 0.943359 0.646035 0.941406 0.644101 0.941406 0.642166 0.939453
0 0.667311 0.951172 0.661509 0.957031 0.659574 0.957031 0.659574 0.958984 0.657640 0.960938 0.657640 0.974609 0.659574 0.976562 0.659574 0.980469 0.661509 0.980469 0.667311 0.986328 0.669246 0.986328 0.671180 0.988281 0.682785 0.988281 0.684720 0.986328 0.686654 0.986328 0.686654 0.984375 0.692456 0.978516 0.692456 0.974609 0.694391 0.972656 0.694391 0.964844 0.692456 0.962891 0.692456 0.960938 0.690522 0.958984 0.690522 0.957031 0.686654 0.953125 0.682785 0.953125 0.680851 0.951172
0 0.822050 0.724609 0.818182 0.728516 0.818182 0.736328 0.820116 0.738281 0.820116 0.740234 0.822050 0.742188 0.822050 0.744141 0.825919 0.744141 0.827853 0.746094 0.829787 0.744141 0.833656 0.744141 0.837524 0.740234 0.837524 0.734375 0.835590 0.732422 0.835590 0.728516 0.833656 0.726562 0.833656 0.724609
0 0.852998 0.593750 0.851064 0.595703 0.847195 0.595703 0.845261 0.597656 0.845261 0.599609 0.843327 0.601562 0.843327 0.605469 0.839458 0.609375 0.839458 0.623047 0.837524 0.625000 0.837524 0.626953 0.839458 0.628906 0.839458 0.630859 0.841393 0.632812 0.841393 0.634766 0.843327 0.636719 0.843327 0.640625 0.845261 0.642578 0.845261 0.644531 0.847195 0.646484 0.847195 0.648438 0.849130 0.648438 0.852998 0.652344 0.854932 0.652344 0.856867 0.654297 0.858801 0.654297 0.860735 0.656250 0.868472 0.656250 0.872340 0.652344 0.874275 0.652344 0.876209 0.650391 0.878143 0.650391 0.880077 0.648438 0.882012 0.648438 0.885880 0.644531 0.885880 0.642578 0.887814 0.640625 0.889749 0.640625 0.893617 0.636719 0.893617 0.632812 0.897485 0.628906 0.897485 0.619141 0.899420 0.617188 0.899420 0.613281 0.897485 0.611328 0.897485 0.609375 0.895551 0.607422 0.895551 0.605469 0.891683 0.601562 0.889749 0.601562 0.885880 0.597656 0.883946 0.597656 0.882012 0.595703 0.874275 0.595703 0.872340 0.593750