0 0.294922 0.085603 0.292969 0.087549 0.289062 0.087549 0.287109 0.089494 0.287109 0.091440 0.285156 0.093385 0.285156 0.095331 0.283203 0.097276 0.283203 0.103113 0.285156 0.105058 0.285156 0.107004 0.287109 0.108949 0.287109 0.110895 0.289062 0.110895 0.291016 0.112840 0.304688 0.112840 0.306641 0.110895 0.308594 0.110895 0.308594 0.108949 0.310547 0.107004 0.310547 0.093385 0.308594 0.091440 0.308594 0.089494 0.306641 0.087549 0.302734 0.087549 0.300781 0.085603
0 0.271484 0.140078 0.267578 0.143969 0.267578 0.145914 0.265625 0.147860 0.265625 0.149805 0.263672 0.151751 0.265625 0.153696 0.265625 0.155642 0.273438 0.163424 0.281250 0.163424 0.287109 0.157588 0.287109 0.147860 0.281250 0.142023 0.277344 0.142023 0.275391 0.140078
0 0.134766 0.171206 0.128906 0.177043 0.126953 0.177043 0.123047 0.180934 0.123047 0.192607 0.130859 0.200389 0.134766 0.200389 0.136719 0.202335 0.146484 0.202335 0.150391 0.198444 0.152344 0.198444 0.152344 0.196498 0.156250 0.192607 0.156250 0.186770 0.154297 0.184825 0.154297 0.180934 0.152344 0.178988 0.152344 0.177043 0.148438 0.173152 0.146484 0.173152 0.144531 0.171206
0 0.039062 0.247082 0.037109 0.249027 0.037109 0.252918 0.033203 0.256809 0.033203 0.262646 0.035156 0.264591 0.035156 0.266537 0.037109 0.268482 0.037109 0.270428 0.039062 0.272374 0.052734 0.272374 0.054688 0.270428 0.056641 0.270428 0.058594 0.268482 0.058594 0.252918 0.054688 0.249027 0.052734 0.249027 0.050781 0.247082
0 0.179688 0.215953 0.177734 0.217899 0.175781 0.217899 0.173828 0.219844 0.173828 0.221790 0.171875 0.223735 0.171875 0.229572 0.173828 0.231518 0.173828 0.235409 0.175781 0.235409 0.181641 0.241245 0.183594 0.241245 0.185547 0.243191 0.193359 0.243191 0.197266 0.239300 0.199219 0.239300 0.199219 0.237354 0.201172 0.235409 0.201172 0.233463 0.199219 0.231518 0.199219 0.227626 0.193359 0.221790 0.193359 0.219844 0.191406 0.217899 0.189453 0.217899 0.187500 0.215953
0 0.132812 0.264591 0.128906 0.268482 0.128906 0.270428 0.126953 0.272374 0.126953 0.274319 0.125000 0.276265 0.125000 0.280156 0.126953 0.282101 0.126953 0.284047 0.128906 0.285992 0.128906 0.287938 0.130859 0.287938 0.134766 0.291829 0.146484 0.291829 0.148438 0.289883 0.152344 0.289883 0.152344 0.287938 0.154297 0.285992 0.154297 0.282101 0.156250 0.280156 0.156250 0.276265 0.154297 0.274319 0.154297 0.270428 0.152344 0.268482 0.152344 0.266537 0.150391 0.266537 0.148438 0.264591
0 0.148438 0.291829 0.146484 0.293774 0.144531 0.293774 0.140625 0.297665 0.140625 0.315175 0.142578 0.315175 0.144531 0.317121 0.148438 0.317121 0.150391 0.319066 0.154297 0.319066 0.156250 0.321012 0.160156 0.321012 0.162109 0.319066 0.166016 0.319066 0.169922 0.315175 0.169922 0.313230 0.171875 0.311284 0.171875 0.303502 0.169922 0.301556 0.169922 0.299611 0.164062 0.293774 0.162109 0.293774 0.160156 0.291829
0 0.289062 0.282101 0.289062 0.284047 0.287109 0.285992 0.285156 0.285992 0.283203 0.287938 0.283203 0.291829 0.281250 0.293774 0.283203 0.295720 0.283203 0.303502 0.291016 0.311284 0.298828 0.311284 0.306641 0.303502 0.306641 0.289883 0.298828 0.282101
0 0.275391 0.361868 0.273438 0.363813 0.269531 0.363813 0.269531 0.365759 0.267578 0.367704 0.267578 0.369650 0.265625 0.371595 0.265625 0.379377 0.271484 0.385214 0.275391 0.385214 0.277344 0.387160 0.279297 0.385214 0.287109 0.385214 0.291016 0.381323 0.291016 0.377432 0.292969 0.375486 0.292969 0.367704 0.291016 0.365759 0.291016 0.363813 0.289062 0.363813 0.287109 0.361868
0 0.271484 0.394942 0.269531 0.396887 0.267578 0.396887 0.267578 0.398833 0.265625 0.400778 0.265625 0.412451 0.267578 0.414397 0.267578 0.416342 0.273438 0.416342 0.275391 0.418288 0.279297 0.418288 0.281250 0.416342 0.289062 0.416342 0.291016 0.414397 0.291016 0.412451 0.292969 0.410506 0.292969 0.400778 0.291016 0.400778 0.285156 0.394942
0 0.037109 0.544747 0.035156 0.546693 0.029297 0.546693 0.029297 0.552529 0.027344 0.554475 0.027344 0.562257 0.029297 0.564202 0.029297 0.566148 0.035156 0.571984 0.046875 0.571984 0.050781 0.568093 0.052734 0.568093 0.052734 0.566148 0.054688 0.564202 0.054688 0.560311 0.056641 0.558366 0.056641 0.556420 0.054688 0.554475 0.054688 0.552529 0.048828 0.546693 0.044922 0.546693 0.042969 0.544747
0 0.226562 0.558366 0.224609 0.560311 0.220703 0.560311 0.220703 0.562257 0.216797 0.566148 0.216797 0.581712 0.220703 0.585603 0.236328 0.585603 0.244141 0.577821 0.244141 0.573930 0.242188 0.571984 0.242188 0.568093 0.240234 0.568093 0.238281 0.566148 0.238281 0.564202 0.234375 0.560311 0.230469 0.560311 0.228516 0.558366
0 0.222656 0.595331 0.216797 0.601167 0.216797 0.605058 0.214844 0.607004 0.214844 0.610895 0.216797 0.612840 0.216797 0.616732 0.220703 0.620623 0.222656 0.620623 0.224609 0.622568 0.230469 0.622568 0.232422 0.620623 0.236328 0.620623 0.238281 0.618677 0.238281 0.616732 0.240234 0.614786 0.240234 0.603113 0.238281 0.601167 0.238281 0.599222 0.236328 0.597276 0.234375 0.597276 0.232422 0.595331
0 0.300781 0.546693 0.298828 0.548638 0.291016 0.548638 0.289062 0.550584 0.287109 0.550584 0.287109 0.552529 0.285156 0.554475 0.285156 0.562257 0.287109 0.564202 0.287109 0.566148 0.291016 0.570039 0.291016 0.573930 0.292969 0.573930 0.294922 0.575875 0.302734 0.575875 0.304688 0.573930 0.308594 0.573930 0.310547 0.571984 0.310547 0.570039 0.312500 0.568093 0.312500 0.558366 0.310547 0.556420 0.310547 0.554475 0.306641 0.550584 0.306641 0.548638 0.302734 0.548638
0 0.371094 0.564202 0.365234 0.570039 0.365234 0.571984 0.363281 0.573930 0.363281 0.583658 0.365234 0.585603 0.365234 0.593385 0.369141 0.593385 0.371094 0.595331 0.373047 0.595331 0.375000 0.597276 0.382812 0.597276 0.384766 0.595331 0.386719 0.595331 0.390625 0.591440 0.390625 0.589494 0.392578 0.587549 0.392578 0.581712 0.394531 0.579767 0.392578 0.577821 0.392578 0.571984 0.386719 0.566148 0.384766 0.566148 0.382812 0.564202
0 0.431641 0.630350 0.431641 0.632296 0.427734 0.636187 0.427734 0.643969 0.429688 0.645914 0.429688 0.649805 0.431641 0.651751 0.435547 0.651751 0.437500 0.653696 0.441406 0.653696 0.443359 0.655642 0.445312 0.653696 0.447266 0.653696 0.447266 0.651751 0.449219 0.649805 0.451172 0.649805 0.451172 0.640078 0.447266 0.636187 0.447266 0.634241 0.443359 0.630350
0 0.248047 0.770428 0.242188 0.776265 0.242188 0.787938 0.244141 0.789883 0.244141 0.801556 0.246094 0.803502 0.248047 0.803502 0.250000 0.805447 0.251953 0.805447 0.253906 0.807393 0.261719 0.807393 0.261719 0.805447 0.263672 0.803502 0.265625 0.803502 0.265625 0.801556 0.269531 0.797665 0.269531 0.795720 0.271484 0.793774 0.271484 0.782101 0.269531 0.780156 0.269531 0.776265 0.265625 0.776265 0.261719 0.772374 0.257812 0.772374 0.255859 0.770428
0 0.267578 0.856031 0.265625 0.857977 0.259766 0.857977 0.259766 0.859922 0.255859 0.863813 0.253906 0.863813 0.251953 0.865759 0.251953 0.867704 0.250000 0.869650 0.250000 0.873541 0.251953 0.875486 0.251953 0.877432 0.257812 0.883268 0.263672 0.883268 0.265625 0.885214 0.269531 0.885214 0.271484 0.883268 0.279297 0.883268 0.279297 0.879377 0.281250 0.877432 0.281250 0.875486 0.283203 0.873541 0.283203 0.871595 0.281250 0.869650 0.281250 0.863813 0.277344 0.859922 0.275391 0.859922 0.273438 0.857977 0.271484 0.857977 0.269531 0.856031
0 0.123047 0.914397 0.121094 0.916342 0.119141 0.916342 0.117188 0.918288 0.115234 0.918288 0.113281 0.920233 0.113281 0.926070 0.111328 0.928016 0.111328 0.929961 0.113281 0.931907 0.113281 0.935798 0.115234 0.935798 0.117188 0.937743 0.121094 0.937743 0.123047 0.939689 0.130859 0.939689 0.132812 0.937743 0.136719 0.937743 0.138672 0.935798 0.138672 0.933852 0.140625 0.931907 0.140625 0.922179 0.138672 0.920233 0.138672 0.918288 0.134766 0.918288 0.130859 0.914397
0 0.150391 0.976654 0.148438 0.978599 0.146484 0.978599 0.142578 0.982490 0.140625 0.982490 0.138672 0.984436 0.138672 0.992218 0.140625 0.994163 0.140625 0.998054 0.162109 0.998054 0.164062 0.996109 0.164062 0.982490 0.162109 0.980545 0.160156 0.980545 0.158203 0.978599 0.154297 0.978599 0.152344 0.976654
0 0.207031 0.933852 0.203125 0.937743 0.203125 0.939689 0.199219 0.943580 0.197266 0.943580 0.197266 0.959144 0.201172 0.963035 0.210938 0.963035 0.212891 0.961089 0.214844 0.961089 0.216797 0.959144 0.218750 0.959144 0.218750 0.957198 0.222656 0.953307 0.222656 0.951362 0.224609 0.949416 0.224609 0.945525 0.218750 0.939689 0.218750 0.937743 0.216797 0.937743 0.212891 0.933852
0 0.306641 0.926070 0.304688 0.928016 0.302734 0.928016 0.298828 0.931907 0.298828 0.947471 0.304688 0.953307 0.306641 0.953307 0.308594 0.955253 0.316406 0.955253 0.318359 0.953307 0.320312 0.953307 0.320312 0.951362 0.324219 0.947471 0.324219 0.935798 0.316406 0.928016 0.312500 0.928016 0.310547 0.926070
0 0.398438 0.904669 0.394531 0.908560 0.392578 0.908560 0.390625 0.910506 0.390625 0.926070 0.392578 0.928016 0.394531 0.928016 0.398438 0.931907 0.408203 0.931907 0.410156 0.929961 0.416016 0.929961 0.421875 0.924125 0.421875 0.916342 0.414062 0.908560 0.410156 0.908560 0.406250 0.904669
0 0.435547 0.881323 0.433594 0.883268 0.429688 0.883268 0.423828 0.889105 0.423828 0.906615 0.425781 0.908560 0.425781 0.910506 0.427734 0.910506 0.429688 0.912451 0.443359 0.912451 0.445312 0.910506 0.447266 0.910506 0.451172 0.906615 0.451172 0.904669 0.453125 0.902724 0.453125 0.891051 0.451172 0.889105 0.451172 0.887160 0.449219 0.887160 0.447266 0.885214 0.445312 0.885214 0.443359 0.883268 0.443359 0.881323
0 0.449219 0.852140 0.449219 0.854086 0.447266 0.856031 0.447266 0.867704 0.449219 0.869650 0.449219 0.871595 0.453125 0.875486 0.455078 0.875486 0.457031 0.877432 0.464844 0.877432 0.468750 0.873541 0.470703 0.873541 0.474609 0.869650 0.474609 0.863813 0.476562 0.861868 0.474609 0.859922 0.474609 0.856031 0.472656 0.854086 0.470703 0.854086 0.468750 0.852140
0 0.562500 0.920233 0.560547 0.922179 0.558594 0.922179 0.556641 0.924125 0.556641 0.926070 0.554688 0.928016 0.554688 0.931907 0.552734 0.933852 0.556641 0.937743 0.556641 0.941634 0.558594 0.941634 0.562500 0.945525 0.574219 0.945525 0.578125 0.941634 0.578125 0.939689 0.582031 0.935798 0.582031 0.929961 0.580078 0.928016 0.580078 0.926070 0.578125 0.926070 0.574219 0.922179 0.566406 0.922179 0.564453 0.920233
0 0.568359 0.966926 0.560547 0.974708 0.560547 0.982490 0.562500 0.984436 0.562500 0.986381 0.564453 0.988327 0.564453 0.990272 0.566406 0.992218 0.576172 0.992218 0.578125 0.990272 0.580078 0.990272 0.582031 0.988327 0.583984 0.988327 0.585938 0.986381 0.585938 0.974708 0.578125 0.966926
0 0.779297 0.959144 0.775391 0.963035 0.773438 0.963035 0.773438 0.966926 0.771484 0.968872 0.773438 0.970817 0.773438 0.972763 0.775391 0.972763 0.779297 0.976654 0.785156 0.976654 0.787109 0.978599 0.794922 0.978599 0.796875 0.976654 0.798828 0.976654 0.800781 0.974708 0.800781 0.963035 0.798828 0.961089 0.796875 0.961089 0.794922 0.959144
0 0.777344 0.922179 0.767578 0.931907 0.767578 0.939689 0.769531 0.941634 0.769531 0.945525 0.773438 0.949416 0.775391 0.949416 0.777344 0.951362 0.779297 0.951362 0.781250 0.949416 0.789062 0.949416 0.791016 0.947471 0.794922 0.947471 0.794922 0.945525 0.796875 0.943580 0.796875 0.935798 0.794922 0.933852 0.794922 0.928016 0.792969 0.926070 0.789062 0.926070 0.787109 0.924125 0.779297 0.924125
0 0.750000 0.807393 0.748047 0.809339 0.742188 0.809339 0.742188 0.811284 0.740234 0.813230 0.740234 0.826848 0.742188 0.828794 0.742188 0.830739 0.755859 0.830739 0.757812 0.828794 0.759766 0.828794 0.759766 0.815175 0.755859 0.811284 0.753906 0.811284
0 0.535156 0.714008 0.531250 0.717899 0.529297 0.717899 0.527344 0.719844 0.527344 0.733463 0.529297 0.735409 0.529297 0.737354 0.531250 0.739300 0.537109 0.739300 0.539062 0.741245 0.541016 0.741245 0.542969 0.739300 0.546875 0.739300 0.550781 0.735409 0.550781 0.733463 0.552734 0.731518 0.552734 0.721790 0.548828 0.717899 0.548828 0.715953 0.546875 0.715953 0.544922 0.714008
0 0.585938 0.712062 0.583984 0.714008 0.580078 0.714008 0.578125 0.715953 0.578125 0.717899 0.574219 0.721790 0.574219 0.729572 0.582031 0.737354 0.582031 0.739300 0.597656 0.739300 0.599609 0.737354 0.601562 0.737354 0.601562 0.735409 0.603516 0.733463 0.603516 0.723735 0.601562 0.721790 0.601562 0.715953 0.599609 0.714008 0.597656 0.714008 0.595703 0.712062
0 0.589844 0.651751 0.587891 0.653696 0.582031 0.653696 0.580078 0.655642 0.580078 0.671206 0.583984 0.675097 0.583984 0.677043 0.587891 0.680934 0.599609 0.680934 0.601562 0.678988 0.603516 0.678988 0.605469 0.677043 0.605469 0.675097 0.607422 0.673152 0.609375 0.673152 0.609375 0.663424 0.607422 0.661479 0.607422 0.659533 0.605469 0.657588 0.605469 0.655642 0.603516 0.653696 0.599609 0.653696 0.597656 0.651751
0 0.593750 0.562257 0.591797 0.564202 0.587891 0.564202 0.587891 0.566148 0.585938 0.568093 0.585938 0.589494 0.589844 0.593385 0.593750 0.593385 0.595703 0.595331 0.597656 0.593385 0.605469 0.593385 0.613281 0.585603 0.613281 0.583658 0.615234 0.581712 0.615234 0.579767 0.617188 0.577821 0.617188 0.573930 0.613281 0.570039 0.613281 0.568093 0.611328 0.566148 0.607422 0.566148 0.605469 0.564202 0.603516 0.564202 0.601562 0.562257
0 0.640625 0.570039 0.636719 0.573930 0.634766 0.573930 0.632812 0.575875 0.632812 0.583658 0.634766 0.585603 0.634766 0.589494 0.636719 0.591440 0.636719 0.593385 0.640625 0.593385 0.644531 0.597276 0.652344 0.597276 0.654297 0.595331 0.658203 0.595331 0.660156 0.593385 0.660156 0.587549 0.662109 0.585603 0.662109 0.581712 0.660156 0.579767 0.660156 0.575875 0.658203 0.573930 0.654297 0.573930 0.650391 0.570039
0 0.988281 0.768482 0.986328 0.770428 0.982422 0.770428 0.978516 0.774319 0.978516 0.791829 0.980469 0.793774 0.980469 0.795720 0.982422 0.795720 0.986328 0.799611 0.998047 0.799611 0.998047 0.770428 0.996094 0.768482
0 0.884766 0.614786 0.882812 0.616732 0.880859 0.616732 0.878906 0.618677 0.878906 0.620623 0.876953 0.622568 0.876953 0.632296 0.884766 0.640078 0.884766 0.642023 0.892578 0.642023 0.894531 0.643969 0.898438 0.640078 0.900391 0.640078 0.900391 0.638132 0.902344 0.636187 0.902344 0.634241 0.904297 0.632296 0.904297 0.626459 0.900391 0.622568 0.900391 0.620623 0.896484 0.616732 0.888672 0.616732 0.886719 0.614786
0 0.998047 0.548638 0.996094 0.550584 0.992188 0.550584 0.988281 0.554475 0.988281 0.564202 0.990234 0.566148 0.990234 0.568093 0.992188 0.570039 0.996094 0.570039 0.998047 0.571984
0 0.998047 0.523346 0.996094 0.525292 0.996094 0.538911 0.998047 0.540856 0.998047 0.542802
0 0.714844 0.396887 0.708984 0.402724 0.708984 0.410506 0.710938 0.412451 0.710938 0.414397 0.712891 0.414397 0.714844 0.416342 0.716797 0.416342 0.718750 0.418288 0.724609 0.418288 0.726562 0.420233 0.728516 0.418288 0.730469 0.418288 0.732422 0.416342 0.734375 0.416342 0.736328 0.414397 0.736328 0.406615 0.726562 0.396887
0 0.650391 0.375486 0.642578 0.383268 0.640625 0.383268 0.638672 0.385214 0.638672 0.392996 0.640625 0.392996 0.644531 0.396887 0.646484 0.396887 0.648438 0.398833 0.648438 0.400778 0.650391 0.400778 0.652344 0.402724 0.666016 0.402724 0.669922 0.398833 0.671875 0.398833 0.673828 0.396887 0.673828 0.385214 0.664062 0.375486
0 0.568359 0.377432 0.566406 0.379377 0.562500 0.379377 0.558594 0.383268 0.556641 0.383268 0.556641 0.394942 0.558594 0.396887 0.558594 0.398833 0.562500 0.402724 0.566406 0.402724 0.568359 0.404669 0.574219 0.404669 0.576172 0.402724 0.578125 0.402724 0.578125 0.400778 0.583984 0.394942 0.583984 0.385214 0.576172 0.377432
0 0.628906 0.352140 0.626953 0.354086 0.625000 0.354086 0.623047 0.356031 0.621094 0.356031 0.621094 0.357977 0.619141 0.359922 0.619141 0.373541 0.625000 0.379377 0.630859 0.379377 0.632812 0.377432 0.636719 0.377432 0.640625 0.373541 0.642578 0.373541 0.644531 0.371595 0.644531 0.361868 0.642578 0.361868 0.638672 0.357977 0.638672 0.356031 0.636719 0.354086 0.634766 0.354086 0.632812 0.352140
0 0.634766 0.319066 0.628906 0.324903 0.628906 0.338521 0.632812 0.342412 0.632812 0.344358 0.648438 0.344358 0.650391 0.342412 0.652344 0.342412 0.652344 0.340467 0.656250 0.336576 0.656250 0.332685 0.654297 0.330739 0.654297 0.326848 0.650391 0.322957 0.644531 0.322957 0.642578 0.321012 0.640625 0.321012 0.638672 0.319066
0 0.445312 0.264591 0.441406 0.268482 0.439453 0.268482 0.439453 0.270428 0.437500 0.272374 0.437500 0.285992 0.439453 0.287938 0.439453 0.289883 0.443359 0.293774 0.453125 0.293774 0.455078 0.291829 0.457031 0.291829 0.458984 0.289883 0.458984 0.287938 0.462891 0.284047 0.462891 0.270428 0.460938 0.268482 0.460938 0.266537 0.458984 0.264591
0 0.501953 0.258755 0.496094 0.264591 0.496094 0.278210 0.498047 0.280156 0.498047 0.284047 0.500000 0.285992 0.500000 0.287938 0.519531 0.287938 0.521484 0.285992 0.521484 0.284047 0.525391 0.280156 0.525391 0.268482 0.517578 0.260700 0.511719 0.260700 0.509766 0.258755
0 0.476562 0.295720 0.474609 0.297665 0.474609 0.299611 0.472656 0.301556 0.472656 0.305447 0.474609 0.307393 0.474609 0.313230 0.476562 0.315175 0.482422 0.315175 0.484375 0.317121 0.500000 0.317121 0.500000 0.315175 0.501953 0.313230 0.501953 0.305447 0.498047 0.301556 0.498047 0.299611 0.494141 0.295720
0 0.847656 0.046693 0.847656 0.048638 0.845703 0.050584 0.845703 0.052529 0.843750 0.054475 0.843750 0.056420 0.841797 0.058366 0.841797 0.068093 0.843750 0.070039 0.843750 0.073930 0.845703 0.073930 0.847656 0.075875 0.849609 0.075875 0.851562 0.077821 0.861328 0.077821 0.863281 0.075875 0.865234 0.075875 0.869141 0.071984 0.869141 0.068093 0.871094 0.066148 0.871094 0.058366 0.869141 0.056420 0.869141 0.054475 0.867188 0.052529 0.867188 0.048638 0.861328 0.048638 0.859375 0.046693
0 0.767578 0.000000 0.767578 0.001946 0.769531 0.003891 0.769531 0.005837 0.771484 0.007782 0.773438 0.007782 0.775391 0.009728 0.779297 0.009728 0.781250 0.007782 0.783203 0.007782 0.787109 0.003891 0.787109 0.001946 0.789062 0.000000