0 0.357143 0.955078 0.355212 0.957031 0.353282 0.957031 0.351351 0.958984 0.351351 0.970703 0.362934 0.970703 0.364865 0.968750 0.364865 0.966797 0.366795 0.964844 0.366795 0.957031 0.364865 0.955078
0 0.355212 0.857422 0.353282 0.859375 0.351351 0.859375 0.349421 0.861328 0.347490 0.861328 0.345560 0.863281 0.345560 0.873047 0.349421 0.876953 0.353282 0.876953 0.355212 0.878906 0.357143 0.878906 0.359073 0.876953 0.361004 0.876953 0.364865 0.873047 0.364865 0.871094 0.366795 0.869141 0.364865 0.867188 0.364865 0.865234 0.357143 0.857422
0 0.418919 0.814453 0.416988 0.816406 0.415058 0.816406 0.415058 0.818359 0.413127 0.820312 0.413127 0.822266 0.411197 0.824219 0.411197 0.830078 0.413127 0.832031 0.413127 0.833984 0.415058 0.835938 0.416988 0.835938 0.420849 0.839844 0.424710 0.839844 0.428571 0.835938 0.428571 0.833984 0.432432 0.830078 0.432432 0.820312 0.430502 0.820312 0.426641 0.816406 0.424710 0.816406 0.422780 0.814453
0 0.362934 0.800781 0.361004 0.802734 0.357143 0.802734 0.357143 0.804688 0.355212 0.806641 0.355212 0.816406 0.361004 0.822266 0.364865 0.822266 0.368726 0.818359 0.370656 0.818359 0.372587 0.816406 0.372587 0.812500 0.374517 0.810547 0.374517 0.806641 0.370656 0.802734 0.366795 0.802734 0.364865 0.800781
0 0.312741 0.759766 0.312741 0.761719 0.310811 0.763672 0.310811 0.773438 0.312741 0.773438 0.314672 0.775391 0.316602 0.775391 0.318533 0.777344 0.322394 0.777344 0.326255 0.773438 0.328185 0.773438 0.328185 0.769531 0.330116 0.767578 0.330116 0.765625 0.322394 0.765625 0.316602 0.759766
0 0.322394 0.746094 0.318533 0.750000 0.318533 0.751953 0.316602 0.753906 0.316602 0.757812 0.322394 0.763672 0.332046 0.763672 0.333977 0.761719 0.333977 0.759766 0.335907 0.757812 0.335907 0.751953 0.330116 0.746094
0 0.332046 0.765625 0.332046 0.773438 0.333977 0.775391 0.335907 0.775391 0.339768 0.771484 0.339768 0.765625
0 0.345560 0.769531 0.341699 0.773438 0.341699 0.781250 0.345560 0.785156 0.355212 0.785156 0.357143 0.783203 0.349421 0.775391 0.349421 0.769531
0 0.359073 0.761719 0.357143 0.763672 0.355212 0.763672 0.351351 0.767578 0.351351 0.775391 0.357143 0.781250 0.359073 0.781250 0.361004 0.783203 0.364865 0.783203 0.366795 0.781250 0.368726 0.781250 0.372587 0.777344 0.372587 0.769531 0.370656 0.767578 0.370656 0.765625 0.368726 0.765625 0.364865 0.761719
0 0.382239 0.767578 0.382239 0.781250 0.386100 0.785156 0.393822 0.785156 0.395753 0.783203 0.395753 0.779297 0.397683 0.777344 0.397683 0.775391 0.395753 0.773438 0.395753 0.767578
0 0.420849 0.757812 0.418919 0.759766 0.416988 0.759766 0.415058 0.761719 0.413127 0.761719 0.413127 0.763672 0.411197 0.765625 0.411197 0.767578 0.413127 0.769531 0.413127 0.771484 0.415058 0.771484 0.422780 0.779297 0.428571 0.779297 0.434363 0.773438 0.434363 0.765625 0.430502 0.761719 0.428571 0.761719 0.426641 0.759766 0.424710 0.759766 0.422780 0.757812
0 0.469112 0.787109 0.467181 0.789062 0.467181 0.794922 0.469112 0.796875 0.469112 0.798828 0.471042 0.800781 0.480695 0.800781 0.482625 0.798828 0.482625 0.792969 0.480695 0.794922 0.474903 0.794922 0.469112 0.789062
0 0.471042 0.771484 0.469112 0.773438 0.469112 0.785156 0.471042 0.787109 0.471042 0.789062 0.474903 0.792969 0.480695 0.792969 0.482625 0.791016 0.484556 0.791016 0.486486 0.789062 0.488417 0.789062 0.488417 0.779297 0.480695 0.771484
0 0.532819 0.751953 0.528958 0.755859 0.527027 0.755859 0.523166 0.759766 0.523166 0.765625 0.525097 0.765625 0.528958 0.769531 0.528958 0.773438 0.530888 0.773438 0.532819 0.775391 0.536680 0.775391 0.538610 0.773438 0.540541 0.773438 0.546332 0.767578 0.546332 0.757812 0.544402 0.755859 0.542471 0.755859 0.540541 0.753906 0.538610 0.753906 0.536680 0.751953
0 0.638996 0.732422 0.637066 0.734375 0.637066 0.736328 0.638996 0.738281 0.642857 0.738281 0.644788 0.736328 0.644788 0.732422
0 0.774131 0.544922 0.770270 0.548828 0.770270 0.558594 0.772201 0.560547 0.772201 0.562500 0.774131 0.564453 0.781853 0.564453 0.789575 0.556641 0.789575 0.550781 0.783784 0.544922
0 0.710425 0.554688 0.708494 0.556641 0.706564 0.556641 0.702703 0.560547 0.702703 0.568359 0.704633 0.570312 0.704633 0.572266 0.706564 0.574219 0.708494 0.574219 0.710425 0.576172 0.714286 0.576172 0.722008 0.568359 0.722008 0.560547 0.720077 0.558594 0.718147 0.558594 0.714286 0.554688
0 0.698842 0.593750 0.696911 0.595703 0.696911 0.607422 0.710425 0.607422 0.710425 0.605469 0.712355 0.603516 0.712355 0.597656 0.710425 0.595703 0.710425 0.593750
0 0.666023 0.619141 0.662162 0.623047 0.662162 0.636719 0.664093 0.638672 0.675676 0.638672 0.679537 0.634766 0.679537 0.626953 0.677606 0.625000 0.677606 0.623047 0.675676 0.621094 0.675676 0.619141
0 0.638996 0.615234 0.635135 0.619141 0.631274 0.619141 0.631274 0.621094 0.625483 0.626953 0.625483 0.630859 0.627413 0.632812 0.627413 0.634766 0.629344 0.634766 0.631274 0.636719 0.638996 0.636719 0.640927 0.638672 0.646718 0.638672 0.648649 0.636719 0.650579 0.636719 0.650579 0.625000 0.648649 0.623047 0.648649 0.619141 0.644788 0.615234
0 0.610039 0.617188 0.608108 0.619141 0.606178 0.619141 0.604247 0.621094 0.604247 0.623047 0.602317 0.625000 0.602317 0.626953 0.604247 0.628906 0.604247 0.630859 0.610039 0.636719 0.613900 0.636719 0.621622 0.628906 0.621622 0.625000 0.619691 0.623047 0.619691 0.621094 0.617761 0.619141 0.615830 0.619141 0.613900 0.617188
0 0.571429 0.615234 0.571429 0.619141 0.565637 0.625000 0.565637 0.630859 0.569498 0.634766 0.583012 0.634766 0.583012 0.617188 0.581081 0.615234
0 0.550193 0.550781 0.546332 0.554688 0.546332 0.564453 0.552124 0.570312 0.555985 0.570312 0.557915 0.568359 0.559846 0.568359 0.563707 0.564453 0.563707 0.560547 0.565637 0.558594 0.565637 0.556641 0.561776 0.552734 0.559846 0.552734 0.557915 0.550781
0 0.571429 0.560547 0.569498 0.562500 0.567568 0.562500 0.567568 0.564453 0.565637 0.566406 0.565637 0.572266 0.567568 0.574219 0.567568 0.576172 0.571429 0.580078 0.579151 0.580078 0.583012 0.576172 0.583012 0.570312 0.581081 0.568359 0.581081 0.566406 0.579151 0.564453 0.579151 0.562500 0.577220 0.562500 0.575290 0.560547
0 0.581081 0.505859 0.579151 0.507812 0.577220 0.507812 0.577220 0.513672 0.579151 0.515625 0.579151 0.519531 0.581081 0.519531 0.584942 0.523438 0.584942 0.525391 0.586873 0.527344 0.590734 0.527344 0.596525 0.521484 0.596525 0.509766 0.594595 0.507812 0.592664 0.507812 0.590734 0.505859
0 0.635135 0.505859 0.633205 0.507812 0.631274 0.507812 0.631274 0.509766 0.629344 0.511719 0.627413 0.511719 0.623552 0.515625 0.623552 0.523438 0.625483 0.525391 0.625483 0.529297 0.631274 0.535156 0.637066 0.535156 0.638996 0.533203 0.640927 0.533203 0.642857 0.531250 0.646718 0.531250 0.650579 0.527344 0.650579 0.519531 0.648649 0.517578 0.648649 0.513672 0.640927 0.505859
0 0.725869 0.470703 0.723938 0.472656 0.722008 0.472656 0.720077 0.474609 0.720077 0.478516 0.718147 0.480469 0.718147 0.482422 0.720077 0.484375 0.720077 0.488281 0.722008 0.490234 0.723938 0.490234 0.725869 0.492188 0.733591 0.492188 0.739382 0.486328 0.739382 0.474609 0.737452 0.472656 0.735521 0.472656 0.733591 0.470703
0 0.069498 0.513672 0.067568 0.515625 0.065637 0.515625 0.063707 0.517578 0.063707 0.521484 0.061776 0.523438 0.061776 0.529297 0.063707 0.531250 0.063707 0.533203 0.065637 0.535156 0.071429 0.535156 0.073359 0.537109 0.081081 0.537109 0.083012 0.535156 0.086873 0.535156 0.088803 0.533203 0.088803 0.523438 0.086873 0.521484 0.086873 0.519531 0.083012 0.515625 0.073359 0.515625 0.071429 0.513672
0 0.146718 0.576172 0.144788 0.578125 0.142857 0.578125 0.142857 0.580078 0.140927 0.582031 0.140927 0.591797 0.142857 0.593750 0.142857 0.595703 0.146718 0.599609 0.152510 0.599609 0.154440 0.597656 0.156371 0.597656 0.158301 0.595703 0.160232 0.595703 0.164093 0.591797 0.164093 0.580078 0.162162 0.578125 0.156371 0.578125 0.154440 0.576172
0 0.306950 0.568359 0.305019 0.570312 0.301158 0.570312 0.301158 0.572266 0.299228 0.574219 0.299228 0.576172 0.297297 0.578125 0.297297 0.583984 0.305019 0.591797 0.314672 0.591797 0.320463 0.585938 0.320463 0.576172 0.314672 0.570312 0.312741 0.570312 0.310811 0.568359
0 0.274131 0.546875 0.272201 0.548828 0.272201 0.562500 0.270270 0.564453 0.270270 0.566406 0.272201 0.568359 0.272201 0.570312 0.274131 0.572266 0.279923 0.572266 0.283784 0.568359 0.287645 0.568359 0.291506 0.564453 0.291506 0.556641 0.289575 0.554688 0.287645 0.554688 0.279923 0.546875
0 0.289575 0.503906 0.279923 0.513672 0.279923 0.521484 0.283784 0.525391 0.283784 0.527344 0.287645 0.531250 0.297297 0.531250 0.297297 0.527344 0.303089 0.521484 0.303089 0.517578 0.305019 0.515625 0.305019 0.507812 0.303089 0.505859 0.301158 0.505859 0.299228 0.503906
0 0.167954 0.476562 0.166023 0.478516 0.166023 0.480469 0.164093 0.482422 0.164093 0.486328 0.166023 0.488281 0.166023 0.492188 0.169884 0.496094 0.171815 0.496094 0.173745 0.498047 0.183398 0.498047 0.185328 0.496094 0.185328 0.494141 0.187259 0.492188 0.187259 0.484375 0.185328 0.482422 0.185328 0.480469 0.181467 0.476562
0 0.254826 0.449219 0.249035 0.455078 0.243243 0.455078 0.243243 0.457031 0.239382 0.460938 0.239382 0.466797 0.241313 0.466797 0.243243 0.468750 0.245174 0.468750 0.247104 0.470703 0.256757 0.470703 0.260618 0.466797 0.260618 0.462891 0.262548 0.460938 0.262548 0.453125 0.258687 0.449219
0 0.301158 0.453125 0.301158 0.457031 0.299228 0.458984 0.299228 0.466797 0.301158 0.468750 0.301158 0.472656 0.303089 0.474609 0.305019 0.474609 0.306950 0.476562 0.310811 0.476562 0.312741 0.474609 0.314672 0.474609 0.316602 0.472656 0.318533 0.472656 0.320463 0.470703 0.320463 0.457031 0.316602 0.453125
0 0.277992 0.425781 0.276062 0.427734 0.272201 0.427734 0.268340 0.431641 0.268340 0.441406 0.274131 0.447266 0.274131 0.449219 0.287645 0.449219 0.291506 0.445312 0.291506 0.443359 0.293436 0.441406 0.291506 0.439453 0.291506 0.435547 0.289575 0.433594 0.289575 0.431641 0.285714 0.427734 0.279923 0.427734
0 0.376448 0.484375 0.376448 0.488281 0.378378 0.490234 0.382239 0.486328 0.380309 0.484375
0 0.424710 0.492188 0.420849 0.496094 0.420849 0.509766 0.422780 0.509766 0.424710 0.511719 0.432432 0.511719 0.436293 0.507812 0.436293 0.500000 0.434363 0.498047 0.434363 0.496094 0.430502 0.492188
0 0.063707 0.431641 0.061776 0.433594 0.061776 0.445312 0.067568 0.451172 0.077220 0.451172 0.083012 0.445312 0.083012 0.435547 0.081081 0.433594 0.081081 0.431641
0 0.133205 0.433594 0.131274 0.435547 0.129344 0.435547 0.127413 0.437500 0.127413 0.441406 0.129344 0.443359 0.129344 0.449219 0.133205 0.453125 0.138996 0.453125 0.140927 0.451172 0.142857 0.451172 0.144788 0.449219 0.144788 0.447266 0.146718 0.445312 0.146718 0.439453 0.140927 0.433594
0 0.167954 0.431641 0.166023 0.433594 0.164093 0.433594 0.160232 0.437500 0.160232 0.439453 0.158301 0.441406 0.158301 0.447266 0.164093 0.453125 0.166023 0.453125 0.167954 0.455078 0.169884 0.455078 0.171815 0.453125 0.173745 0.453125 0.177606 0.449219 0.177606 0.439453 0.179537 0.437500 0.177606 0.435547 0.177606 0.433594 0.173745 0.433594 0.171815 0.431641
0 0.218147 0.423828 0.216216 0.425781 0.216216 0.433594 0.214286 0.435547 0.214286 0.445312 0.216216 0.445312 0.218147 0.447266 0.222008 0.447266 0.223938 0.445312 0.227799 0.445312 0.229730 0.443359 0.231660 0.443359 0.237452 0.437500 0.235521 0.435547 0.235521 0.433594 0.231660 0.429688 0.229730 0.429688 0.225869 0.425781 0.222008 0.425781 0.220077 0.423828
0 0.183398 0.382812 0.179537 0.386719 0.177606 0.386719 0.175676 0.388672 0.175676 0.402344 0.179537 0.406250 0.187259 0.406250 0.196911 0.396484 0.198842 0.396484 0.198842 0.388672 0.193050 0.382812
0 0.204633 0.355469 0.202703 0.357422 0.198842 0.357422 0.194981 0.361328 0.194981 0.367188 0.196911 0.369141 0.198842 0.369141 0.202703 0.373047 0.204633 0.373047 0.208494 0.376953 0.210425 0.376953 0.214286 0.373047 0.214286 0.367188 0.216216 0.365234 0.216216 0.357422 0.214286 0.355469
0 0.295367 0.378906 0.285714 0.388672 0.285714 0.394531 0.287645 0.396484 0.289575 0.396484 0.291506 0.398438 0.295367 0.398438 0.297297 0.400391 0.305019 0.400391 0.305019 0.398438 0.306950 0.396484 0.306950 0.380859 0.305019 0.378906
0 0.306950 0.398438 0.306950 0.400391 0.303089 0.404297 0.303089 0.417969 0.306950 0.421875 0.324324 0.421875 0.324324 0.406250 0.326255 0.404297 0.324324 0.402344 0.320463 0.402344 0.318533 0.400391 0.316602 0.400391 0.314672 0.398438
0 0.316602 0.378906 0.314672 0.380859 0.312741 0.380859 0.312741 0.382812 0.310811 0.384766 0.310811 0.392578 0.314672 0.396484 0.324324 0.396484 0.328185 0.392578 0.328185 0.390625 0.330116 0.388672 0.330116 0.384766 0.326255 0.380859 0.324324 0.380859 0.322394 0.378906
0 0.332046 0.398438 0.330116 0.400391 0.328185 0.400391 0.328185 0.404297 0.326255 0.406250 0.326255 0.419922 0.328185 0.421875 0.328185 0.423828 0.341699 0.423828 0.343629 0.421875 0.345560 0.421875 0.347490 0.419922 0.347490 0.416016 0.349421 0.414062 0.349421 0.406250 0.347490 0.404297 0.347490 0.402344 0.343629 0.398438
0 0.353282 0.414062 0.351351 0.416016 0.351351 0.417969 0.349421 0.419922 0.349421 0.423828 0.347490 0.425781 0.347490 0.431641 0.349421 0.433594 0.349421 0.435547 0.353282 0.435547 0.355212 0.437500 0.361004 0.437500 0.366795 0.431641 0.366795 0.429688 0.368726 0.427734 0.368726 0.423828 0.366795 0.421875 0.366795 0.419922 0.364865 0.417969 0.364865 0.416016 0.361004 0.416016 0.359073 0.414062
0 0.420849 0.369141 0.418919 0.371094 0.418919 0.375000 0.416988 0.376953 0.416988 0.380859 0.418919 0.382812 0.418919 0.384766 0.422780 0.388672 0.430502 0.388672 0.434363 0.384766 0.434363 0.382812 0.436293 0.380859 0.436293 0.373047 0.434363 0.371094 0.432432 0.371094 0.430502 0.369141
0 0.498069 0.341797 0.496139 0.343750 0.494208 0.343750 0.490347 0.347656 0.490347 0.355469 0.492278 0.357422 0.492278 0.363281 0.494208 0.365234 0.503861 0.365234 0.505792 0.363281 0.509653 0.363281 0.513514 0.359375 0.513514 0.353516 0.511583 0.351562 0.511583 0.349609 0.509653 0.347656 0.509653 0.345703 0.505792 0.345703 0.501931 0.341797
0 0.552124 0.320312 0.546332 0.326172 0.546332 0.332031 0.544402 0.333984 0.548263 0.337891 0.548263 0.339844 0.550193 0.341797 0.559846 0.341797 0.563707 0.337891 0.563707 0.335938 0.565637 0.333984 0.565637 0.326172 0.561776 0.322266 0.559846 0.322266 0.557915 0.320312
0 0.841699 0.441406 0.839768 0.443359 0.837838 0.443359 0.833977 0.447266 0.833977 0.455078 0.839768 0.460938 0.847490 0.460938 0.847490 0.458984 0.849421 0.457031 0.849421 0.447266 0.847490 0.445312 0.847490 0.443359 0.845560 0.443359 0.843629 0.441406
0 0.731660 0.396484 0.727799 0.400391 0.727799 0.402344 0.725869 0.404297 0.725869 0.408203 0.727799 0.410156 0.727799 0.414062 0.729730 0.416016 0.739382 0.416016 0.743243 0.412109 0.743243 0.400391 0.739382 0.396484
0 0.739382 0.353516 0.739382 0.355469 0.741313 0.357422 0.741313 0.365234 0.743243 0.367188 0.743243 0.371094 0.745174 0.373047 0.752896 0.373047 0.760618 0.365234 0.760618 0.363281 0.762548 0.361328 0.762548 0.355469 0.760618 0.353516
0 0.845560 0.333984 0.843629 0.335938 0.841699 0.335938 0.839768 0.337891 0.839768 0.339844 0.837838 0.341797 0.837838 0.345703 0.839768 0.347656 0.839768 0.351562 0.841699 0.351562 0.843629 0.353516 0.847490 0.353516 0.849421 0.355469 0.851351 0.355469 0.853282 0.353516 0.855212 0.353516 0.859073 0.349609 0.859073 0.341797 0.853282 0.335938 0.851351 0.335938 0.849421 0.333984
0 0.833977 0.312500 0.833977 0.314453 0.832046 0.316406 0.830116 0.316406 0.828185 0.318359 0.826255 0.318359 0.824324 0.320312 0.824324 0.328125 0.826255 0.330078 0.832046 0.330078 0.833977 0.332031 0.837838 0.332031 0.839768 0.333984 0.843629 0.333984 0.845560 0.332031 0.845560 0.330078 0.847490 0.328125 0.845560 0.326172 0.845560 0.318359 0.843629 0.316406 0.843629 0.312500
0 0.812741 0.138672 0.806950 0.144531 0.805019 0.144531 0.805019 0.150391 0.808880 0.154297 0.810811 0.154297 0.812741 0.156250 0.812741 0.158203 0.818533 0.158203 0.822394 0.154297 0.824324 0.154297 0.826255 0.152344 0.828185 0.152344 0.828185 0.146484 0.826255 0.144531 0.824324 0.144531 0.820463 0.140625 0.818533 0.140625 0.816602 0.138672
0 0.673745 0.281250 0.671815 0.283203 0.671815 0.285156 0.669884 0.287109 0.669884 0.292969 0.671815 0.294922 0.671815 0.296875 0.673745 0.298828 0.675676 0.298828 0.677606 0.300781 0.679537 0.298828 0.681467 0.298828 0.681467 0.296875 0.683398 0.294922 0.683398 0.287109 0.681467 0.285156 0.681467 0.283203 0.679537 0.281250
0 0.581081 0.292969 0.577220 0.296875 0.577220 0.300781 0.579151 0.302734 0.579151 0.306641 0.581081 0.308594 0.581081 0.310547 0.583012 0.312500 0.584942 0.312500 0.586873 0.314453 0.588803 0.314453 0.590734 0.312500 0.592664 0.312500 0.592664 0.310547 0.594595 0.308594 0.594595 0.300781 0.592664 0.298828 0.592664 0.292969
0 0.617761 0.281250 0.615830 0.283203 0.613900 0.283203 0.613900 0.287109 0.615830 0.289062 0.619691 0.289062 0.621622 0.287109 0.621622 0.283203 0.619691 0.281250
0 0.610039 0.259766 0.606178 0.263672 0.606178 0.265625 0.608108 0.267578 0.608108 0.269531 0.611969 0.273438 0.611969 0.275391 0.613900 0.275391 0.615830 0.277344 0.623552 0.277344 0.625483 0.275391 0.627413 0.275391 0.629344 0.273438 0.629344 0.271484 0.631274 0.269531 0.631274 0.267578 0.629344 0.265625 0.629344 0.261719 0.627413 0.259766
0 0.590734 0.220703 0.588803 0.222656 0.586873 0.222656 0.583012 0.226562 0.581081 0.226562 0.579151 0.228516 0.579151 0.240234 0.581081 0.242188 0.581081 0.244141 0.583012 0.246094 0.596525 0.246094 0.602317 0.240234 0.602317 0.238281 0.604247 0.236328 0.604247 0.234375 0.602317 0.232422 0.602317 0.228516 0.598456 0.224609 0.598456 0.222656 0.594595 0.222656 0.592664 0.220703
0 0.469112 0.214844 0.465251 0.218750 0.463320 0.218750 0.463320 0.224609 0.465251 0.226562 0.465251 0.228516 0.467181 0.230469 0.467181 0.232422 0.469112 0.234375 0.469112 0.236328 0.471042 0.238281 0.478764 0.238281 0.482625 0.234375 0.482625 0.232422 0.486486 0.228516 0.486486 0.224609 0.488417 0.222656 0.488417 0.220703 0.482625 0.214844
0 0.418919 0.181641 0.416988 0.183594 0.415058 0.183594 0.415058 0.185547 0.413127 0.187500 0.413127 0.201172 0.415058 0.203125 0.415058 0.205078 0.416988 0.207031 0.420849 0.207031 0.422780 0.208984 0.424710 0.208984 0.432432 0.201172 0.434363 0.201172 0.434363 0.185547 0.432432 0.183594 0.430502 0.183594 0.428571 0.181641
0 0.384170 0.248047 0.382239 0.250000 0.374517 0.250000 0.372587 0.251953 0.372587 0.253906 0.374517 0.255859 0.374517 0.257812 0.378378 0.261719 0.380309 0.261719 0.382239 0.263672 0.382239 0.265625 0.384170 0.265625 0.386100 0.267578 0.391892 0.267578 0.391892 0.263672 0.393822 0.261719 0.393822 0.257812 0.395753 0.255859 0.395753 0.253906 0.393822 0.251953 0.393822 0.250000 0.391892 0.248047
0 0.366795 0.261719 0.364865 0.263672 0.364865 0.271484 0.370656 0.277344 0.378378 0.277344 0.380309 0.275391 0.380309 0.273438 0.382239 0.271484 0.382239 0.267578 0.376448 0.261719
0 0.328185 0.322266 0.326255 0.324219 0.324324 0.324219 0.324324 0.326172 0.322394 0.328125 0.322394 0.337891 0.324324 0.339844 0.324324 0.341797 0.326255 0.343750 0.343629 0.343750 0.345560 0.341797 0.345560 0.333984 0.343629 0.332031 0.341699 0.332031 0.332046 0.322266
0 0.320463 0.267578 0.318533 0.269531 0.318533 0.271484 0.316602 0.273438 0.316602 0.283203 0.320463 0.287109 0.324324 0.287109 0.326255 0.285156 0.330116 0.285156 0.332046 0.283203 0.332046 0.273438 0.326255 0.267578
0 0.256757 0.330078 0.254826 0.332031 0.254826 0.335938 0.252896 0.337891 0.252896 0.339844 0.254826 0.341797 0.254826 0.345703 0.256757 0.345703 0.258687 0.347656 0.262548 0.347656 0.264479 0.345703 0.266409 0.345703 0.266409 0.343750 0.268340 0.341797 0.270270 0.341797 0.270270 0.332031 0.268340 0.332031 0.266409 0.330078
0 0.200772 0.279297 0.198842 0.281250 0.194981 0.281250 0.194981 0.296875 0.196911 0.298828 0.208494 0.298828 0.210425 0.296875 0.212355 0.296875 0.212355 0.294922 0.214286 0.292969 0.214286 0.289062 0.216216 0.287109 0.214286 0.285156 0.214286 0.281250 0.212355 0.281250 0.210425 0.279297
0 0.277992 0.246094 0.276062 0.248047 0.274131 0.248047 0.272201 0.250000 0.272201 0.251953 0.268340 0.255859 0.268340 0.259766 0.272201 0.263672 0.272201 0.265625 0.276062 0.269531 0.281853 0.269531 0.291506 0.259766 0.291506 0.255859 0.289575 0.253906 0.289575 0.251953 0.287645 0.250000 0.285714 0.250000 0.281853 0.246094
0 0.110039 0.300781 0.106178 0.304688 0.104247 0.304688 0.100386 0.308594 0.100386 0.310547 0.098456 0.312500 0.098456 0.320312 0.100386 0.320312 0.102317 0.322266 0.108108 0.322266 0.110039 0.324219 0.121622 0.324219 0.121622 0.312500 0.119691 0.310547 0.119691 0.304688 0.115830 0.300781
0 0.057915 0.263672 0.055985 0.265625 0.054054 0.265625 0.052124 0.267578 0.052124 0.279297 0.054054 0.281250 0.055985 0.281250 0.057915 0.283203 0.063707 0.283203 0.069498 0.277344 0.071429 0.277344 0.071429 0.269531 0.067568 0.265625 0.065637 0.265625 0.063707 0.263672
0 0.090734 0.212891 0.088803 0.214844 0.086873 0.214844 0.084942 0.216797 0.083012 0.216797 0.083012 0.228516 0.084942 0.228516 0.090734 0.234375 0.100386 0.234375 0.106178 0.228516 0.106178 0.218750 0.104247 0.216797 0.102317 0.216797 0.098456 0.212891
0 0.067568 0.164062 0.065637 0.166016 0.065637 0.169922 0.061776 0.173828 0.061776 0.179688 0.065637 0.183594 0.065637 0.185547 0.067568 0.187500 0.071429 0.187500 0.073359 0.189453 0.079151 0.189453 0.081081 0.187500 0.081081 0.185547 0.084942 0.181641 0.084942 0.179688 0.086873 0.177734 0.086873 0.173828 0.077220 0.164062
0 0.135135 0.195312 0.131274 0.199219 0.131274 0.208984 0.133205 0.210938 0.133205 0.212891 0.142857 0.212891 0.148649 0.207031 0.148649 0.201172 0.146718 0.201172 0.142857 0.197266 0.138996 0.197266 0.137066 0.195312
0 0.152510 0.195312 0.150579 0.197266 0.150579 0.201172 0.152510 0.203125 0.158301 0.203125 0.160232 0.201172 0.160232 0.197266 0.158301 0.195312
0 0.231660 0.167969 0.229730 0.169922 0.227799 0.169922 0.223938 0.173828 0.223938 0.175781 0.225869 0.177734 0.225869 0.179688 0.227799 0.179688 0.229730 0.181641 0.231660 0.181641 0.235521 0.177734 0.235521 0.167969
0 0.220077 0.150391 0.216216 0.154297 0.214286 0.154297 0.214286 0.167969 0.216216 0.169922 0.223938 0.169922 0.225869 0.167969 0.229730 0.167969 0.231660 0.166016 0.231660 0.164062 0.233591 0.162109 0.233591 0.156250 0.229730 0.152344 0.227799 0.152344 0.225869 0.150391
0 0.227799 0.119141 0.222008 0.125000 0.222008 0.126953 0.220077 0.128906 0.220077 0.130859 0.218147 0.132812 0.216216 0.132812 0.216216 0.142578 0.220077 0.146484 0.222008 0.146484 0.223938 0.144531 0.229730 0.144531 0.231660 0.142578 0.237452 0.142578 0.241313 0.138672 0.241313 0.134766 0.237452 0.130859 0.237452 0.126953 0.235521 0.125000 0.235521 0.123047 0.233591 0.123047 0.231660 0.121094 0.229730 0.121094
0 0.214286 0.087891 0.212355 0.089844 0.210425 0.089844 0.208494 0.091797 0.206564 0.091797 0.206564 0.093750 0.204633 0.095703 0.204633 0.101562 0.208494 0.101562 0.210425 0.103516 0.212355 0.103516 0.214286 0.105469 0.223938 0.105469 0.227799 0.101562 0.229730 0.101562 0.229730 0.091797 0.227799 0.091797 0.223938 0.087891
0 0.577220 0.148438 0.575290 0.150391 0.573359 0.150391 0.573359 0.152344 0.571429 0.154297 0.569498 0.154297 0.569498 0.162109 0.571429 0.164062 0.571429 0.167969 0.575290 0.167969 0.577220 0.169922 0.579151 0.169922 0.581081 0.167969 0.583012 0.167969 0.586873 0.164062 0.586873 0.156250 0.583012 0.152344 0.583012 0.150391 0.581081 0.148438
0 0.330116 0.095703 0.326255 0.099609 0.326255 0.101562 0.324324 0.103516 0.326255 0.105469 0.326255 0.111328 0.330116 0.115234 0.337838 0.115234 0.339768 0.113281 0.341699 0.113281 0.343629 0.111328 0.343629 0.103516 0.339768 0.099609 0.335907 0.099609 0.333977 0.097656 0.332046 0.097656
0 0.335907 0.082031 0.333977 0.083984 0.332046 0.083984 0.330116 0.085938 0.330116 0.093750 0.332046 0.095703 0.333977 0.095703 0.335907 0.097656 0.341699 0.097656 0.343629 0.095703 0.345560 0.095703 0.345560 0.085938 0.343629 0.083984 0.341699 0.083984 0.339768 0.082031
0 0.569498 0.064453 0.569498 0.072266 0.571429 0.074219 0.571429 0.078125 0.573359 0.078125 0.575290 0.080078 0.577220 0.080078 0.579151 0.078125 0.581081 0.078125 0.583012 0.076172 0.583012 0.074219 0.584942 0.072266 0.584942 0.066406 0.583012 0.064453
0 0.588803 0.025391 0.584942 0.029297 0.584942 0.037109 0.588803 0.041016 0.588803 0.042969 0.592664 0.046875 0.596525 0.046875 0.598456 0.044922 0.602317 0.044922 0.606178 0.041016 0.606178 0.035156 0.604247 0.033203 0.604247 0.029297 0.602317 0.027344 0.602317 0.025391
0 0.193050 0.039062 0.191120 0.041016 0.187259 0.041016 0.185328 0.042969 0.181467 0.042969 0.181467 0.052734 0.183398 0.054688 0.183398 0.058594 0.185328 0.060547 0.194981 0.060547 0.196911 0.058594 0.198842 0.058594 0.202703 0.054688 0.202703 0.050781 0.200772 0.048828 0.200772 0.044922 0.198842 0.042969 0.198842 0.041016 0.196911 0.041016 0.194981 0.039062
0 0.223938 0.035156 0.222008 0.037109 0.214286 0.037109 0.212355 0.039062 0.214286 0.041016 0.214286 0.044922 0.216216 0.046875 0.216216 0.048828 0.218147 0.050781 0.218147 0.052734 0.223938 0.058594 0.227799 0.058594 0.233591 0.052734 0.233591 0.050781 0.235521 0.048828 0.235521 0.042969 0.231660 0.039062 0.231660 0.037109 0.233591 0.035156
0 0.222008 0.023438 0.222008 0.033203 0.235521 0.033203 0.235521 0.027344 0.231660 0.023438
0 0.239382 0.033203 0.239382 0.035156 0.237452 0.037109 0.233591 0.037109 0.233591 0.039062 0.237452 0.042969 0.245174 0.042969 0.245174 0.037109 0.241313 0.033203
0 0.258687 0.019531 0.256757 0.021484 0.256757 0.029297 0.258687 0.031250 0.258687 0.041016 0.260618 0.042969 0.268340 0.042969 0.268340 0.041016 0.272201 0.037109 0.272201 0.035156 0.274131 0.033203 0.274131 0.031250 0.270270 0.027344 0.270270 0.025391 0.268340 0.023438 0.268340 0.021484 0.266409 0.019531
0 0.295367 0.017578 0.291506 0.021484 0.291506 0.035156 0.293436 0.037109 0.295367 0.037109 0.297297 0.039062 0.301158 0.039062 0.303089 0.037109 0.305019 0.037109 0.310811 0.031250 0.310811 0.023438 0.305019 0.017578
0 0.258687 0.000000 0.258687 0.001953 0.262548 0.005859 0.264479 0.005859 0.266409 0.007812 0.268340 0.007812 0.270270 0.005859 0.272201 0.005859 0.272201 0.003906 0.274131 0.001953 0.274131 0.000000