0 0.000000 0.013672 0.000000 0.070312 0.005859 0.070312 0.007812 0.068359 0.013672 0.068359 0.015625 0.066406 0.017578 0.066406 0.017578 0.064453 0.019531 0.062500 0.023438 0.062500 0.025391 0.060547 0.025391 0.056641 0.027344 0.054688 0.027344 0.025391 0.017578 0.015625 0.013672 0.015625 0.011719 0.013672
0 0.019531 0.064453 0.019531 0.066406 0.017578 0.068359 0.015625 0.068359 0.013672 0.070312 0.011719 0.070312 0.005859 0.076172 0.005859 0.078125 0.000000 0.083984 0.000000 0.111328 0.001953 0.113281 0.003906 0.113281 0.007812 0.117188 0.009766 0.117188 0.011719 0.119141 0.011719 0.121094 0.013672 0.123047 0.027344 0.123047 0.029297 0.125000 0.031250 0.123047 0.037109 0.123047 0.041016 0.119141 0.042969 0.119141 0.044922 0.117188 0.044922 0.113281 0.048828 0.109375 0.048828 0.107422 0.052734 0.103516 0.052734 0.099609 0.054688 0.097656 0.054688 0.093750 0.048828 0.087891 0.046875 0.087891 0.044922 0.085938 0.044922 0.080078 0.031250 0.066406 0.027344 0.066406 0.025391 0.064453
0 0.025391 0.302734 0.023438 0.304688 0.021484 0.304688 0.019531 0.306641 0.017578 0.306641 0.015625 0.308594 0.011719 0.308594 0.009766 0.310547 0.005859 0.310547 0.000000 0.316406 0.000000 0.357422 0.001953 0.359375 0.001953 0.361328 0.009766 0.369141 0.017578 0.369141 0.019531 0.371094 0.021484 0.369141 0.025391 0.369141 0.027344 0.367188 0.029297 0.367188 0.031250 0.365234 0.035156 0.365234 0.037109 0.363281 0.042969 0.363281 0.044922 0.361328 0.046875 0.361328 0.046875 0.359375 0.048828 0.357422 0.050781 0.357422 0.054688 0.353516 0.056641 0.353516 0.058594 0.351562 0.058594 0.349609 0.060547 0.347656 0.060547 0.335938 0.058594 0.333984 0.058594 0.332031 0.056641 0.330078 0.056641 0.328125 0.054688 0.326172 0.054688 0.320312 0.050781 0.316406 0.050781 0.314453 0.046875 0.310547 0.046875 0.306641 0.044922 0.306641 0.042969 0.304688 0.041016 0.304688 0.039062 0.302734
0 0.000000 0.914062 0.000000 0.982422 0.003906 0.982422 0.005859 0.980469 0.005859 0.978516 0.009766 0.974609 0.009766 0.970703 0.013672 0.966797 0.013672 0.964844 0.015625 0.962891 0.015625 0.960938 0.017578 0.958984 0.019531 0.958984 0.019531 0.953125 0.023438 0.949219 0.023438 0.947266 0.027344 0.943359 0.027344 0.933594 0.025391 0.931641 0.025391 0.927734 0.023438 0.927734 0.017578 0.921875 0.015625 0.921875 0.009766 0.916016 0.003906 0.916016 0.001953 0.914062
0 0.031250 0.947266 0.029297 0.949219 0.025391 0.949219 0.025391 0.951172 0.023438 0.953125 0.023438 0.957031 0.017578 0.962891 0.017578 0.964844 0.013672 0.968750 0.013672 0.972656 0.007812 0.978516 0.007812 0.980469 0.005859 0.982422 0.005859 0.998047 0.064453 0.998047 0.066406 0.996094 0.066406 0.994141 0.068359 0.992188 0.068359 0.988281 0.070312 0.986328 0.070312 0.982422 0.072266 0.980469 0.072266 0.968750 0.068359 0.964844 0.068359 0.962891 0.064453 0.958984 0.060547 0.958984 0.058594 0.957031 0.056641 0.957031 0.052734 0.953125 0.050781 0.953125 0.046875 0.949219 0.042969 0.949219 0.041016 0.947266
0 0.095703 0.949219 0.093750 0.951172 0.091797 0.951172 0.089844 0.953125 0.085938 0.953125 0.083984 0.955078 0.082031 0.955078 0.076172 0.960938 0.076172 0.962891 0.074219 0.964844 0.074219 0.988281 0.076172 0.990234 0.076172 0.992188 0.078125 0.992188 0.080078 0.994141 0.080078 0.996094 0.082031 0.998047 0.109375 0.998047 0.111328 0.996094 0.113281 0.996094 0.115234 0.994141 0.117188 0.994141 0.117188 0.992188 0.119141 0.990234 0.119141 0.988281 0.125000 0.982422 0.125000 0.970703 0.123047 0.968750 0.123047 0.964844 0.121094 0.962891 0.121094 0.958984 0.111328 0.949219
0 0.130859 0.980469 0.128906 0.982422 0.126953 0.982422 0.121094 0.988281 0.121094 0.990234 0.119141 0.992188 0.119141 0.998047 0.177734 0.998047 0.177734 0.996094 0.167969 0.986328 0.162109 0.986328 0.160156 0.984375 0.156250 0.984375 0.154297 0.982422 0.148438 0.982422 0.146484 0.980469
0 0.195312 0.947266 0.193359 0.949219 0.187500 0.949219 0.187500 0.951172 0.185547 0.953125 0.183594 0.953125 0.179688 0.957031 0.177734 0.957031 0.175781 0.958984 0.173828 0.958984 0.171875 0.960938 0.171875 0.962891 0.166016 0.968750 0.166016 0.972656 0.164062 0.974609 0.166016 0.976562 0.166016 0.978516 0.167969 0.980469 0.167969 0.982422 0.173828 0.988281 0.173828 0.990234 0.179688 0.996094 0.179688 0.998047 0.220703 0.998047 0.222656 0.996094 0.222656 0.994141 0.224609 0.992188 0.224609 0.988281 0.226562 0.986328 0.226562 0.976562 0.222656 0.972656 0.222656 0.966797 0.216797 0.960938 0.216797 0.958984 0.214844 0.957031 0.214844 0.955078 0.210938 0.951172 0.210938 0.949219 0.207031 0.949219 0.205078 0.947266
0 0.523438 0.955078 0.521484 0.957031 0.519531 0.957031 0.517578 0.958984 0.515625 0.958984 0.505859 0.968750 0.505859 0.970703 0.498047 0.978516 0.498047 0.980469 0.496094 0.982422 0.494141 0.982422 0.494141 0.990234 0.492188 0.992188 0.492188 0.998047 0.566406 0.998047 0.566406 0.996094 0.568359 0.994141 0.568359 0.990234 0.566406 0.988281 0.566406 0.982422 0.564453 0.982422 0.562500 0.980469 0.562500 0.978516 0.560547 0.976562 0.560547 0.974609 0.558594 0.974609 0.554688 0.970703 0.554688 0.968750 0.550781 0.964844 0.546875 0.964844 0.544922 0.962891 0.544922 0.960938 0.539062 0.955078
0 0.994141 0.671875 0.992188 0.673828 0.986328 0.673828 0.986328 0.675781 0.980469 0.681641 0.980469 0.683594 0.978516 0.685547 0.978516 0.687500 0.976562 0.689453 0.976562 0.699219 0.974609 0.701172 0.974609 0.707031 0.976562 0.708984 0.976562 0.712891 0.978516 0.714844 0.978516 0.716797 0.980469 0.716797 0.982422 0.718750 0.984375 0.718750 0.988281 0.722656 0.990234 0.722656 0.992188 0.724609 0.996094 0.724609 0.998047 0.726562 0.998047 0.673828 0.996094 0.671875
0 0.998047 0.603516 0.996094 0.605469 0.988281 0.605469 0.986328 0.607422 0.974609 0.607422 0.972656 0.609375 0.972656 0.613281 0.970703 0.615234 0.970703 0.628906 0.968750 0.630859 0.968750 0.644531 0.966797 0.646484 0.966797 0.654297 0.964844 0.656250 0.964844 0.660156 0.966797 0.662109 0.966797 0.664062 0.972656 0.669922 0.972656 0.673828 0.984375 0.673828 0.986328 0.671875 0.992188 0.671875 0.994141 0.669922 0.998047 0.669922
0 0.927734 0.261719 0.925781 0.263672 0.919922 0.263672 0.914062 0.269531 0.912109 0.269531 0.910156 0.271484 0.906250 0.271484 0.902344 0.275391 0.898438 0.275391 0.898438 0.277344 0.896484 0.279297 0.894531 0.279297 0.894531 0.283203 0.892578 0.285156 0.892578 0.292969 0.894531 0.294922 0.894531 0.296875 0.896484 0.298828 0.896484 0.300781 0.898438 0.302734 0.898438 0.306641 0.900391 0.308594 0.900391 0.312500 0.904297 0.316406 0.904297 0.320312 0.906250 0.322266 0.908203 0.322266 0.912109 0.326172 0.914062 0.326172 0.916016 0.328125 0.923828 0.328125 0.925781 0.326172 0.927734 0.326172 0.929688 0.324219 0.931641 0.324219 0.933594 0.322266 0.937500 0.322266 0.939453 0.320312 0.941406 0.320312 0.947266 0.314453 0.951172 0.314453 0.953125 0.312500 0.955078 0.312500 0.958984 0.308594 0.958984 0.289062 0.955078 0.285156 0.955078 0.283203 0.953125 0.281250 0.953125 0.279297 0.949219 0.275391 0.949219 0.271484 0.947266 0.269531 0.947266 0.267578 0.941406 0.261719
0 0.900391 0.208984 0.898438 0.210938 0.894531 0.210938 0.892578 0.212891 0.890625 0.212891 0.888672 0.214844 0.886719 0.214844 0.884766 0.216797 0.882812 0.216797 0.878906 0.220703 0.876953 0.220703 0.876953 0.224609 0.875000 0.226562 0.875000 0.244141 0.876953 0.246094 0.876953 0.257812 0.878906 0.259766 0.878906 0.261719 0.880859 0.263672 0.880859 0.265625 0.882812 0.267578 0.884766 0.267578 0.886719 0.269531 0.886719 0.271484 0.888672 0.273438 0.892578 0.273438 0.894531 0.275391 0.896484 0.275391 0.898438 0.273438 0.902344 0.273438 0.906250 0.269531 0.908203 0.269531 0.910156 0.267578 0.914062 0.267578 0.919922 0.261719 0.925781 0.261719 0.927734 0.259766 0.931641 0.259766 0.931641 0.248047 0.929688 0.246094 0.929688 0.236328 0.927734 0.234375 0.927734 0.230469 0.925781 0.228516 0.925781 0.224609 0.923828 0.222656 0.923828 0.216797 0.921875 0.214844 0.921875 0.212891 0.917969 0.208984
0 0.962891 0.191406 0.960938 0.193359 0.955078 0.193359 0.953125 0.195312 0.947266 0.195312 0.945312 0.197266 0.943359 0.197266 0.941406 0.199219 0.939453 0.199219 0.937500 0.201172 0.931641 0.201172 0.931641 0.203125 0.925781 0.208984 0.925781 0.222656 0.927734 0.224609 0.927734 0.228516 0.929688 0.230469 0.929688 0.234375 0.931641 0.236328 0.931641 0.242188 0.933594 0.244141 0.933594 0.250000 0.935547 0.251953 0.935547 0.253906 0.937500 0.255859 0.937500 0.257812 0.941406 0.257812 0.943359 0.259766 0.949219 0.259766 0.951172 0.261719 0.964844 0.261719 0.966797 0.259766 0.972656 0.259766 0.974609 0.257812 0.980469 0.257812 0.982422 0.255859 0.986328 0.255859 0.988281 0.253906 0.988281 0.251953 0.990234 0.250000 0.992188 0.250000 0.992188 0.246094 0.994141 0.244141 0.994141 0.230469 0.992188 0.228516 0.992188 0.224609 0.990234 0.222656 0.990234 0.220703 0.988281 0.218750 0.988281 0.212891 0.984375 0.208984 0.984375 0.207031 0.980469 0.203125 0.980469 0.201172 0.978516 0.199219 0.978516 0.195312 0.976562 0.193359 0.964844 0.193359
0 0.994141 0.175781 0.984375 0.185547 0.984375 0.187500 0.982422 0.189453 0.982422 0.203125 0.986328 0.207031 0.986328 0.208984 0.990234 0.212891 0.990234 0.218750 0.992188 0.220703 0.992188 0.222656 0.994141 0.222656 0.998047 0.226562 0.998047 0.175781
0 0.314453 0.056641 0.312500 0.058594 0.300781 0.058594 0.298828 0.060547 0.292969 0.060547 0.291016 0.062500 0.287109 0.062500 0.285156 0.064453 0.281250 0.064453 0.281250 0.066406 0.279297 0.068359 0.279297 0.070312 0.275391 0.074219 0.275391 0.089844 0.277344 0.091797 0.277344 0.099609 0.279297 0.101562 0.279297 0.107422 0.281250 0.109375 0.281250 0.111328 0.283203 0.113281 0.283203 0.115234 0.285156 0.117188 0.289062 0.117188 0.291016 0.119141 0.292969 0.117188 0.308594 0.117188 0.310547 0.115234 0.318359 0.115234 0.320312 0.113281 0.328125 0.113281 0.330078 0.111328 0.332031 0.111328 0.332031 0.109375 0.335938 0.105469 0.335938 0.087891 0.333984 0.085938 0.333984 0.076172 0.332031 0.074219 0.332031 0.068359 0.330078 0.066406 0.330078 0.064453 0.328125 0.064453 0.324219 0.060547 0.324219 0.058594 0.318359 0.058594 0.316406 0.056641
0 0.330078 0.113281 0.328125 0.115234 0.320312 0.115234 0.318359 0.117188 0.310547 0.117188 0.308594 0.119141 0.292969 0.119141 0.291016 0.121094 0.289062 0.121094 0.287109 0.123047 0.287109 0.125000 0.285156 0.126953 0.285156 0.152344 0.287109 0.154297 0.287109 0.162109 0.289062 0.164062 0.289062 0.166016 0.294922 0.171875 0.298828 0.171875 0.300781 0.173828 0.312500 0.173828 0.314453 0.171875 0.322266 0.171875 0.324219 0.169922 0.328125 0.169922 0.330078 0.167969 0.333984 0.167969 0.335938 0.166016 0.341797 0.166016 0.345703 0.162109 0.345703 0.154297 0.347656 0.152344 0.347656 0.144531 0.345703 0.142578 0.345703 0.126953 0.341797 0.123047 0.341797 0.121094 0.339844 0.119141 0.337891 0.119141 0.335938 0.117188 0.335938 0.115234 0.332031 0.115234
0 0.335938 0.167969 0.333984 0.169922 0.330078 0.169922 0.328125 0.171875 0.326172 0.171875 0.324219 0.173828 0.322266 0.173828 0.320312 0.175781 0.318359 0.175781 0.316406 0.177734 0.314453 0.177734 0.312500 0.179688 0.310547 0.179688 0.304688 0.185547 0.302734 0.185547 0.302734 0.189453 0.300781 0.191406 0.300781 0.201172 0.302734 0.203125 0.302734 0.207031 0.304688 0.208984 0.304688 0.210938 0.306641 0.210938 0.310547 0.214844 0.310547 0.216797 0.320312 0.226562 0.320312 0.228516 0.322266 0.228516 0.324219 0.230469 0.324219 0.232422 0.326172 0.234375 0.326172 0.236328 0.343750 0.236328 0.347656 0.232422 0.349609 0.232422 0.353516 0.228516 0.355469 0.228516 0.369141 0.214844 0.369141 0.193359 0.363281 0.187500 0.363281 0.185547 0.361328 0.183594 0.361328 0.179688 0.359375 0.177734 0.357422 0.177734 0.353516 0.173828 0.353516 0.171875 0.351562 0.169922 0.349609 0.169922 0.347656 0.167969
0 0.246094 0.238281 0.244141 0.240234 0.240234 0.240234 0.234375 0.246094 0.232422 0.246094 0.216797 0.261719 0.216797 0.279297 0.218750 0.279297 0.220703 0.281250 0.220703 0.283203 0.224609 0.287109 0.224609 0.289062 0.230469 0.294922 0.230469 0.296875 0.232422 0.298828 0.232422 0.300781 0.236328 0.304688 0.238281 0.304688 0.240234 0.306641 0.242188 0.306641 0.244141 0.308594 0.251953 0.308594 0.253906 0.306641 0.257812 0.306641 0.259766 0.304688 0.263672 0.304688 0.271484 0.296875 0.275391 0.296875 0.275391 0.294922 0.281250 0.289062 0.283203 0.289062 0.283203 0.281250 0.285156 0.279297 0.285156 0.277344 0.283203 0.275391 0.283203 0.273438 0.281250 0.271484 0.281250 0.269531 0.279297 0.267578 0.279297 0.265625 0.275391 0.261719 0.275391 0.259766 0.273438 0.257812 0.273438 0.255859 0.269531 0.251953 0.269531 0.248047 0.265625 0.244141 0.265625 0.242188 0.263672 0.240234 0.261719 0.240234 0.259766 0.238281
0 0.304688 0.216797 0.302734 0.218750 0.296875 0.218750 0.294922 0.220703 0.292969 0.220703 0.291016 0.222656 0.289062 0.222656 0.285156 0.226562 0.283203 0.226562 0.279297 0.230469 0.277344 0.230469 0.273438 0.234375 0.273438 0.236328 0.271484 0.238281 0.271484 0.251953 0.275391 0.255859 0.275391 0.257812 0.279297 0.261719 0.279297 0.263672 0.281250 0.265625 0.281250 0.267578 0.283203 0.269531 0.283203 0.271484 0.285156 0.273438 0.285156 0.275391 0.287109 0.275391 0.289062 0.277344 0.289062 0.281250 0.291016 0.283203 0.294922 0.283203 0.296875 0.285156 0.302734 0.285156 0.304688 0.283203 0.310547 0.283203 0.310547 0.281250 0.312500 0.279297 0.314453 0.279297 0.316406 0.277344 0.318359 0.277344 0.320312 0.275391 0.320312 0.273438 0.322266 0.271484 0.326172 0.271484 0.330078 0.267578 0.332031 0.267578 0.332031 0.265625 0.335938 0.261719 0.335938 0.253906 0.333984 0.251953 0.333984 0.250000 0.332031 0.248047 0.332031 0.246094 0.330078 0.244141 0.330078 0.242188 0.324219 0.236328 0.324219 0.234375 0.322266 0.232422 0.322266 0.230469 0.320312 0.230469 0.318359 0.228516 0.318359 0.226562 0.312500 0.220703 0.310547 0.220703 0.306641 0.216797
0 0.330078 0.269531 0.326172 0.273438 0.322266 0.273438 0.322266 0.275391 0.316406 0.281250 0.312500 0.281250 0.312500 0.283203 0.308594 0.287109 0.306641 0.287109 0.304688 0.289062 0.304688 0.292969 0.302734 0.294922 0.302734 0.296875 0.298828 0.300781 0.298828 0.304688 0.296875 0.306641 0.296875 0.314453 0.298828 0.314453 0.304688 0.320312 0.308594 0.320312 0.310547 0.322266 0.314453 0.322266 0.316406 0.324219 0.318359 0.324219 0.324219 0.330078 0.326172 0.330078 0.335938 0.339844 0.341797 0.339844 0.349609 0.332031 0.353516 0.332031 0.353516 0.330078 0.357422 0.326172 0.357422 0.324219 0.363281 0.318359 0.363281 0.316406 0.365234 0.314453 0.365234 0.312500 0.367188 0.310547 0.367188 0.308594 0.369141 0.306641 0.369141 0.298828 0.367188 0.296875 0.367188 0.294922 0.365234 0.292969 0.365234 0.291016 0.363281 0.289062 0.361328 0.289062 0.353516 0.281250 0.349609 0.281250 0.347656 0.279297 0.347656 0.277344 0.345703 0.277344 0.343750 0.275391 0.341797 0.275391 0.339844 0.273438 0.337891 0.273438 0.335938 0.271484 0.332031 0.271484
0 0.302734 0.322266 0.300781 0.324219 0.296875 0.324219 0.296875 0.326172 0.291016 0.332031 0.289062 0.332031 0.289062 0.335938 0.285156 0.339844 0.283203 0.339844 0.279297 0.343750 0.279297 0.347656 0.277344 0.349609 0.277344 0.351562 0.275391 0.353516 0.275391 0.357422 0.277344 0.359375 0.277344 0.365234 0.279297 0.367188 0.279297 0.369141 0.283203 0.373047 0.287109 0.373047 0.289062 0.375000 0.289062 0.376953 0.291016 0.378906 0.292969 0.378906 0.296875 0.382812 0.298828 0.382812 0.300781 0.384766 0.310547 0.384766 0.312500 0.382812 0.316406 0.382812 0.322266 0.376953 0.322266 0.371094 0.328125 0.365234 0.328125 0.363281 0.332031 0.359375 0.332031 0.355469 0.337891 0.349609 0.337891 0.343750 0.326172 0.332031 0.324219 0.332031 0.320312 0.328125 0.318359 0.328125 0.314453 0.324219 0.308594 0.324219 0.306641 0.322266
0 0.314453 0.384766 0.312500 0.386719 0.304688 0.386719 0.304688 0.388672 0.302734 0.390625 0.302734 0.392578 0.300781 0.394531 0.300781 0.414062 0.306641 0.419922 0.312500 0.419922 0.314453 0.421875 0.328125 0.421875 0.330078 0.419922 0.332031 0.419922 0.333984 0.417969 0.335938 0.417969 0.335938 0.416016 0.339844 0.412109 0.339844 0.398438 0.335938 0.394531 0.335938 0.392578 0.333984 0.390625 0.332031 0.390625 0.330078 0.388672 0.328125 0.388672 0.324219 0.384766
0 0.349609 0.335938 0.347656 0.337891 0.345703 0.337891 0.341797 0.341797 0.341797 0.345703 0.339844 0.347656 0.339844 0.349609 0.333984 0.355469 0.333984 0.359375 0.330078 0.363281 0.330078 0.365234 0.324219 0.371094 0.324219 0.380859 0.326172 0.382812 0.326172 0.384766 0.328125 0.386719 0.332031 0.386719 0.337891 0.392578 0.339844 0.392578 0.341797 0.394531 0.343750 0.394531 0.345703 0.396484 0.347656 0.396484 0.353516 0.402344 0.357422 0.402344 0.359375 0.404297 0.367188 0.404297 0.369141 0.402344 0.371094 0.402344 0.376953 0.396484 0.376953 0.394531 0.380859 0.390625 0.380859 0.388672 0.384766 0.384766 0.384766 0.382812 0.386719 0.380859 0.386719 0.378906 0.388672 0.376953 0.388672 0.375000 0.390625 0.373047 0.390625 0.371094 0.392578 0.369141 0.392578 0.359375 0.388672 0.355469 0.388672 0.353516 0.384766 0.349609 0.382812 0.349609 0.380859 0.347656 0.378906 0.347656 0.376953 0.345703 0.376953 0.343750 0.371094 0.343750 0.369141 0.341797 0.369141 0.339844 0.367188 0.339844 0.365234 0.337891 0.361328 0.337891 0.359375 0.335938
0 0.605469 0.351562 0.599609 0.357422 0.599609 0.359375 0.593750 0.365234 0.593750 0.367188 0.589844 0.371094 0.589844 0.373047 0.582031 0.380859 0.582031 0.382812 0.580078 0.384766 0.580078 0.390625 0.582031 0.392578 0.582031 0.396484 0.585938 0.400391 0.587891 0.400391 0.593750 0.406250 0.595703 0.406250 0.603516 0.414062 0.605469 0.414062 0.607422 0.416016 0.611328 0.416016 0.613281 0.417969 0.623047 0.417969 0.625000 0.416016 0.626953 0.416016 0.636719 0.406250 0.636719 0.404297 0.638672 0.402344 0.638672 0.400391 0.640625 0.398438 0.640625 0.396484 0.642578 0.394531 0.642578 0.392578 0.646484 0.388672 0.646484 0.373047 0.638672 0.365234 0.638672 0.363281 0.634766 0.363281 0.626953 0.355469 0.623047 0.355469 0.619141 0.351562
0 0.572266 0.312500 0.570312 0.314453 0.566406 0.314453 0.564453 0.316406 0.562500 0.316406 0.554688 0.324219 0.554688 0.330078 0.548828 0.335938 0.548828 0.363281 0.554688 0.369141 0.554688 0.371094 0.558594 0.371094 0.560547 0.373047 0.562500 0.373047 0.566406 0.376953 0.570312 0.376953 0.572266 0.378906 0.582031 0.378906 0.587891 0.373047 0.587891 0.371094 0.591797 0.367188 0.591797 0.365234 0.597656 0.359375 0.597656 0.357422 0.599609 0.355469 0.599609 0.353516 0.601562 0.351562 0.603516 0.351562 0.603516 0.347656 0.605469 0.345703 0.605469 0.333984 0.597656 0.326172 0.597656 0.324219 0.595703 0.324219 0.593750 0.322266 0.591797 0.322266 0.589844 0.320312 0.589844 0.318359 0.587891 0.318359 0.585938 0.316406 0.582031 0.316406 0.580078 0.314453 0.578125 0.314453 0.576172 0.312500
0 0.500000 0.324219 0.498047 0.326172 0.496094 0.326172 0.494141 0.328125 0.494141 0.330078 0.492188 0.332031 0.492188 0.339844 0.490234 0.341797 0.490234 0.355469 0.488281 0.357422 0.488281 0.367188 0.492188 0.371094 0.492188 0.373047 0.498047 0.378906 0.505859 0.378906 0.507812 0.380859 0.521484 0.380859 0.523438 0.382812 0.529297 0.382812 0.531250 0.380859 0.537109 0.380859 0.539062 0.378906 0.541016 0.378906 0.541016 0.376953 0.542969 0.375000 0.544922 0.375000 0.544922 0.371094 0.546875 0.369141 0.546875 0.335938 0.544922 0.333984 0.544922 0.332031 0.539062 0.326172 0.537109 0.326172 0.535156 0.324219
0 0.453125 0.304688 0.451172 0.306641 0.449219 0.306641 0.445312 0.310547 0.443359 0.310547 0.443359 0.312500 0.439453 0.316406 0.439453 0.318359 0.437500 0.320312 0.435547 0.320312 0.435547 0.324219 0.425781 0.333984 0.425781 0.335938 0.423828 0.337891 0.423828 0.339844 0.421875 0.341797 0.421875 0.343750 0.419922 0.345703 0.419922 0.351562 0.421875 0.353516 0.421875 0.355469 0.423828 0.357422 0.423828 0.359375 0.429688 0.365234 0.431641 0.365234 0.435547 0.369141 0.437500 0.369141 0.439453 0.371094 0.462891 0.371094 0.466797 0.367188 0.468750 0.367188 0.470703 0.365234 0.472656 0.365234 0.474609 0.363281 0.482422 0.363281 0.486328 0.359375 0.486328 0.357422 0.488281 0.355469 0.488281 0.341797 0.490234 0.339844 0.490234 0.332031 0.486328 0.328125 0.484375 0.328125 0.474609 0.318359 0.472656 0.318359 0.468750 0.314453 0.468750 0.312500 0.466797 0.310547 0.464844 0.310547 0.460938 0.306641 0.457031 0.306641 0.455078 0.304688
0 0.476562 0.365234 0.472656 0.369141 0.466797 0.369141 0.460938 0.375000 0.458984 0.375000 0.455078 0.378906 0.453125 0.378906 0.449219 0.382812 0.449219 0.384766 0.445312 0.388672 0.445312 0.390625 0.443359 0.392578 0.443359 0.404297 0.449219 0.410156 0.449219 0.412109 0.451172 0.414062 0.451172 0.416016 0.453125 0.416016 0.457031 0.419922 0.457031 0.423828 0.458984 0.423828 0.460938 0.425781 0.460938 0.427734 0.484375 0.427734 0.488281 0.423828 0.490234 0.423828 0.494141 0.419922 0.496094 0.419922 0.507812 0.408203 0.507812 0.392578 0.503906 0.388672 0.503906 0.386719 0.501953 0.386719 0.500000 0.384766 0.500000 0.382812 0.490234 0.373047 0.490234 0.371094 0.486328 0.367188 0.484375 0.367188 0.482422 0.365234
0 0.421875 0.400391 0.419922 0.402344 0.417969 0.402344 0.416016 0.404297 0.416016 0.406250 0.414062 0.408203 0.412109 0.408203 0.412109 0.412109 0.406250 0.417969 0.404297 0.417969 0.404297 0.421875 0.400391 0.425781 0.400391 0.427734 0.398438 0.429688 0.398438 0.435547 0.416016 0.453125 0.417969 0.453125 0.421875 0.457031 0.421875 0.458984 0.423828 0.460938 0.441406 0.460938 0.441406 0.458984 0.447266 0.453125 0.447266 0.447266 0.451172 0.443359 0.451172 0.437500 0.457031 0.431641 0.458984 0.431641 0.458984 0.425781 0.457031 0.425781 0.455078 0.423828 0.455078 0.419922 0.453125 0.417969 0.451172 0.417969 0.449219 0.416016 0.449219 0.414062 0.447266 0.412109 0.447266 0.410156 0.445312 0.408203 0.443359 0.408203 0.435547 0.400391
0 0.386719 0.435547 0.384766 0.437500 0.382812 0.437500 0.378906 0.441406 0.378906 0.443359 0.369141 0.453125 0.369141 0.455078 0.363281 0.460938 0.363281 0.462891 0.361328 0.464844 0.361328 0.474609 0.363281 0.476562 0.363281 0.478516 0.369141 0.484375 0.369141 0.486328 0.378906 0.496094 0.380859 0.496094 0.384766 0.500000 0.386719 0.500000 0.388672 0.501953 0.392578 0.501953 0.394531 0.500000 0.396484 0.500000 0.404297 0.492188 0.404297 0.490234 0.412109 0.482422 0.412109 0.480469 0.417969 0.474609 0.417969 0.472656 0.423828 0.466797 0.421875 0.464844 0.421875 0.460938 0.402344 0.441406 0.400391 0.441406 0.396484 0.437500 0.396484 0.435547
0 0.322266 0.458984 0.320312 0.460938 0.318359 0.460938 0.314453 0.464844 0.314453 0.468750 0.312500 0.470703 0.310547 0.470703 0.310547 0.472656 0.306641 0.476562 0.306641 0.484375 0.304688 0.486328 0.304688 0.488281 0.306641 0.490234 0.306641 0.500000 0.312500 0.505859 0.316406 0.505859 0.322266 0.511719 0.324219 0.511719 0.326172 0.513672 0.345703 0.513672 0.347656 0.511719 0.347656 0.509766 0.355469 0.501953 0.355469 0.500000 0.357422 0.498047 0.357422 0.492188 0.359375 0.490234 0.359375 0.478516 0.357422 0.476562 0.357422 0.472656 0.355469 0.470703 0.353516 0.470703 0.351562 0.468750 0.349609 0.468750 0.345703 0.464844 0.343750 0.464844 0.339844 0.460938 0.333984 0.460938 0.332031 0.458984
0 0.462891 0.429688 0.458984 0.433594 0.457031 0.433594 0.453125 0.437500 0.453125 0.468750 0.455078 0.470703 0.455078 0.472656 0.458984 0.476562 0.460938 0.476562 0.464844 0.480469 0.464844 0.482422 0.492188 0.482422 0.494141 0.480469 0.500000 0.480469 0.501953 0.478516 0.501953 0.476562 0.503906 0.474609 0.503906 0.472656 0.505859 0.470703 0.505859 0.443359 0.503906 0.441406 0.503906 0.437500 0.501953 0.435547 0.501953 0.433594 0.498047 0.429688
0 0.435547 0.462891 0.433594 0.464844 0.429688 0.464844 0.425781 0.468750 0.423828 0.468750 0.419922 0.472656 0.419922 0.476562 0.417969 0.478516 0.416016 0.478516 0.414062 0.480469 0.414062 0.482422 0.410156 0.486328 0.410156 0.488281 0.404297 0.494141 0.404297 0.503906 0.408203 0.507812 0.408203 0.509766 0.410156 0.509766 0.419922 0.519531 0.419922 0.521484 0.421875 0.521484 0.429688 0.529297 0.433594 0.529297 0.435547 0.527344 0.437500 0.527344 0.439453 0.525391 0.441406 0.525391 0.445312 0.521484 0.447266 0.521484 0.449219 0.519531 0.451172 0.519531 0.458984 0.511719 0.460938 0.511719 0.468750 0.503906 0.470703 0.503906 0.470703 0.486328 0.466797 0.486328 0.462891 0.482422 0.462891 0.480469 0.460938 0.478516 0.458984 0.478516 0.453125 0.472656 0.453125 0.470703 0.451172 0.468750 0.449219 0.468750 0.443359 0.462891
0 0.460938 0.515625 0.457031 0.519531 0.455078 0.519531 0.453125 0.521484 0.451172 0.521484 0.449219 0.523438 0.447266 0.523438 0.445312 0.525391 0.443359 0.525391 0.439453 0.529297 0.435547 0.529297 0.433594 0.531250 0.433594 0.533203 0.431641 0.535156 0.431641 0.537109 0.427734 0.541016 0.427734 0.550781 0.429688 0.552734 0.429688 0.554688 0.433594 0.558594 0.433594 0.562500 0.437500 0.566406 0.437500 0.568359 0.439453 0.570312 0.439453 0.572266 0.441406 0.574219 0.441406 0.576172 0.443359 0.576172 0.447266 0.580078 0.460938 0.580078 0.462891 0.578125 0.464844 0.578125 0.466797 0.576172 0.468750 0.576172 0.468750 0.574219 0.470703 0.572266 0.474609 0.572266 0.478516 0.568359 0.480469 0.568359 0.484375 0.564453 0.486328 0.564453 0.488281 0.562500 0.488281 0.560547 0.490234 0.558594 0.490234 0.546875 0.488281 0.544922 0.488281 0.542969 0.486328 0.541016 0.486328 0.539062 0.484375 0.537109 0.484375 0.535156 0.480469 0.531250 0.480469 0.529297 0.476562 0.525391 0.476562 0.521484 0.472656 0.517578 0.470703 0.517578 0.468750 0.515625
0 0.417969 0.582031 0.414062 0.585938 0.412109 0.585938 0.412109 0.587891 0.408203 0.591797 0.408203 0.630859 0.412109 0.634766 0.417969 0.634766 0.419922 0.636719 0.425781 0.636719 0.427734 0.638672 0.449219 0.638672 0.451172 0.636719 0.455078 0.636719 0.457031 0.634766 0.460938 0.634766 0.464844 0.630859 0.464844 0.589844 0.462891 0.589844 0.460938 0.587891 0.460938 0.585938 0.458984 0.583984 0.455078 0.583984 0.453125 0.582031
0 0.185547 0.486328 0.183594 0.488281 0.175781 0.488281 0.173828 0.490234 0.173828 0.492188 0.171875 0.494141 0.171875 0.496094 0.169922 0.498047 0.169922 0.503906 0.167969 0.505859 0.167969 0.509766 0.166016 0.511719 0.166016 0.517578 0.164062 0.519531 0.164062 0.525391 0.167969 0.529297 0.167969 0.531250 0.171875 0.531250 0.173828 0.533203 0.185547 0.533203 0.187500 0.535156 0.189453 0.535156 0.191406 0.537109 0.195312 0.537109 0.197266 0.539062 0.207031 0.539062 0.210938 0.535156 0.210938 0.531250 0.212891 0.529297 0.212891 0.525391 0.216797 0.521484 0.216797 0.515625 0.218750 0.513672 0.218750 0.503906 0.216797 0.501953 0.216797 0.500000 0.214844 0.498047 0.212891 0.498047 0.208984 0.494141 0.207031 0.494141 0.203125 0.490234 0.199219 0.490234 0.197266 0.488281 0.187500 0.488281
0 0.167969 0.535156 0.162109 0.541016 0.162109 0.542969 0.160156 0.544922 0.160156 0.546875 0.158203 0.548828 0.158203 0.550781 0.156250 0.552734 0.156250 0.554688 0.154297 0.556641 0.154297 0.570312 0.160156 0.576172 0.160156 0.578125 0.162109 0.578125 0.164062 0.580078 0.166016 0.580078 0.167969 0.582031 0.173828 0.582031 0.175781 0.583984 0.185547 0.583984 0.187500 0.582031 0.189453 0.582031 0.191406 0.580078 0.191406 0.578125 0.195312 0.574219 0.195312 0.572266 0.197266 0.570312 0.197266 0.568359 0.199219 0.566406 0.199219 0.562500 0.201172 0.560547 0.201172 0.556641 0.203125 0.554688 0.203125 0.548828 0.195312 0.541016 0.195312 0.539062 0.189453 0.539062 0.187500 0.537109 0.185547 0.537109 0.183594 0.535156
0 0.173828 0.585938 0.171875 0.587891 0.169922 0.587891 0.166016 0.591797 0.166016 0.601562 0.164062 0.603516 0.164062 0.611328 0.162109 0.613281 0.162109 0.636719 0.169922 0.644531 0.177734 0.644531 0.179688 0.646484 0.195312 0.646484 0.197266 0.644531 0.216797 0.644531 0.216797 0.640625 0.220703 0.636719 0.220703 0.630859 0.222656 0.628906 0.222656 0.623047 0.224609 0.621094 0.224609 0.619141 0.222656 0.617188 0.222656 0.595703 0.216797 0.589844 0.212891 0.589844 0.210938 0.587891 0.199219 0.587891 0.197266 0.585938
0 0.205078 0.646484 0.203125 0.648438 0.195312 0.648438 0.193359 0.650391 0.185547 0.650391 0.183594 0.652344 0.179688 0.652344 0.177734 0.654297 0.171875 0.654297 0.169922 0.656250 0.169922 0.658203 0.167969 0.660156 0.167969 0.677734 0.169922 0.679688 0.169922 0.691406 0.171875 0.693359 0.171875 0.697266 0.173828 0.699219 0.173828 0.701172 0.175781 0.703125 0.175781 0.705078 0.177734 0.707031 0.177734 0.708984 0.181641 0.712891 0.183594 0.712891 0.185547 0.714844 0.195312 0.714844 0.197266 0.712891 0.205078 0.712891 0.207031 0.710938 0.212891 0.710938 0.214844 0.708984 0.216797 0.708984 0.218750 0.707031 0.222656 0.707031 0.224609 0.705078 0.228516 0.705078 0.230469 0.703125 0.230469 0.699219 0.232422 0.697266 0.232422 0.679688 0.230469 0.677734 0.230469 0.667969 0.228516 0.666016 0.228516 0.662109 0.226562 0.660156 0.226562 0.658203 0.224609 0.656250 0.224609 0.654297 0.222656 0.652344 0.222656 0.650391 0.220703 0.648438 0.218750 0.648438 0.216797 0.646484
0 0.166016 0.728516 0.160156 0.734375 0.158203 0.734375 0.158203 0.736328 0.156250 0.738281 0.156250 0.740234 0.154297 0.742188 0.152344 0.742188 0.148438 0.746094 0.148438 0.748047 0.146484 0.750000 0.146484 0.751953 0.142578 0.755859 0.142578 0.757812 0.140625 0.759766 0.140625 0.761719 0.138672 0.763672 0.138672 0.765625 0.136719 0.767578 0.136719 0.769531 0.134766 0.771484 0.134766 0.781250 0.136719 0.783203 0.136719 0.785156 0.138672 0.785156 0.140625 0.787109 0.140625 0.789062 0.142578 0.791016 0.144531 0.791016 0.150391 0.796875 0.152344 0.796875 0.156250 0.800781 0.158203 0.800781 0.162109 0.804688 0.164062 0.804688 0.167969 0.808594 0.181641 0.808594 0.183594 0.806641 0.183594 0.804688 0.187500 0.800781 0.189453 0.800781 0.189453 0.798828 0.191406 0.796875 0.191406 0.794922 0.195312 0.791016 0.195312 0.789062 0.199219 0.785156 0.201172 0.785156 0.201172 0.781250 0.203125 0.779297 0.203125 0.777344 0.205078 0.775391 0.207031 0.775391 0.207031 0.773438 0.208984 0.771484 0.208984 0.767578 0.210938 0.765625 0.210938 0.759766 0.208984 0.757812 0.208984 0.753906 0.205078 0.750000 0.203125 0.750000 0.201172 0.748047 0.201172 0.746094 0.197266 0.742188 0.195312 0.742188 0.191406 0.738281 0.189453 0.738281 0.185547 0.734375 0.181641 0.734375 0.179688 0.732422 0.177734 0.732422 0.173828 0.728516
0 0.291016 0.728516 0.289062 0.730469 0.289062 0.732422 0.287109 0.734375 0.287109 0.736328 0.285156 0.738281 0.285156 0.740234 0.277344 0.748047 0.277344 0.751953 0.275391 0.753906 0.275391 0.759766 0.273438 0.761719 0.273438 0.767578 0.271484 0.769531 0.271484 0.773438 0.273438 0.775391 0.273438 0.779297 0.275391 0.779297 0.283203 0.787109 0.285156 0.787109 0.287109 0.789062 0.289062 0.789062 0.294922 0.794922 0.296875 0.794922 0.298828 0.796875 0.302734 0.796875 0.306641 0.800781 0.310547 0.800781 0.312500 0.802734 0.318359 0.802734 0.320312 0.800781 0.320312 0.798828 0.322266 0.796875 0.324219 0.796875 0.328125 0.792969 0.328125 0.791016 0.332031 0.787109 0.332031 0.785156 0.337891 0.779297 0.337891 0.773438 0.339844 0.771484 0.339844 0.767578 0.341797 0.765625 0.341797 0.763672 0.343750 0.761719 0.343750 0.753906 0.341797 0.751953 0.341797 0.750000 0.339844 0.748047 0.339844 0.746094 0.337891 0.744141 0.335938 0.744141 0.328125 0.736328 0.324219 0.736328 0.322266 0.734375 0.320312 0.734375 0.318359 0.732422 0.316406 0.732422 0.314453 0.730469 0.308594 0.730469 0.306641 0.728516
0 0.314453 0.679688 0.312500 0.681641 0.308594 0.681641 0.306641 0.683594 0.304688 0.683594 0.302734 0.685547 0.300781 0.685547 0.294922 0.691406 0.294922 0.693359 0.292969 0.695312 0.292969 0.699219 0.291016 0.701172 0.291016 0.708984 0.294922 0.712891 0.294922 0.714844 0.298828 0.718750 0.298828 0.722656 0.302734 0.726562 0.306641 0.726562 0.308594 0.728516 0.324219 0.728516 0.326172 0.726562 0.328125 0.726562 0.330078 0.724609 0.332031 0.724609 0.335938 0.720703 0.337891 0.720703 0.339844 0.718750 0.339844 0.703125 0.337891 0.701172 0.337891 0.699219 0.333984 0.695312 0.333984 0.693359 0.326172 0.685547 0.326172 0.683594 0.322266 0.679688
0 0.353516 0.642578 0.351562 0.644531 0.349609 0.644531 0.345703 0.648438 0.343750 0.648438 0.341797 0.650391 0.339844 0.650391 0.330078 0.660156 0.328125 0.660156 0.328125 0.662109 0.326172 0.664062 0.326172 0.666016 0.324219 0.667969 0.324219 0.669922 0.322266 0.671875 0.322266 0.675781 0.328125 0.681641 0.328125 0.685547 0.335938 0.693359 0.335938 0.695312 0.339844 0.699219 0.339844 0.701172 0.345703 0.707031 0.347656 0.707031 0.349609 0.708984 0.357422 0.708984 0.359375 0.707031 0.361328 0.707031 0.365234 0.703125 0.369141 0.703125 0.369141 0.701172 0.371094 0.699219 0.373047 0.699219 0.376953 0.695312 0.378906 0.695312 0.384766 0.689453 0.386719 0.689453 0.386719 0.671875 0.384766 0.669922 0.384766 0.666016 0.382812 0.664062 0.382812 0.662109 0.378906 0.658203 0.378906 0.654297 0.376953 0.652344 0.376953 0.650391 0.375000 0.650391 0.367188 0.642578
0 0.398438 0.634766 0.396484 0.636719 0.396484 0.640625 0.392578 0.644531 0.390625 0.644531 0.390625 0.652344 0.388672 0.654297 0.388672 0.679688 0.390625 0.681641 0.390625 0.683594 0.392578 0.685547 0.392578 0.687500 0.394531 0.687500 0.396484 0.689453 0.398438 0.689453 0.400391 0.691406 0.410156 0.691406 0.412109 0.693359 0.429688 0.693359 0.431641 0.691406 0.431641 0.689453 0.433594 0.687500 0.435547 0.687500 0.435547 0.685547 0.437500 0.683594 0.437500 0.671875 0.439453 0.669922 0.439453 0.644531 0.437500 0.644531 0.435547 0.642578 0.433594 0.642578 0.431641 0.640625 0.427734 0.640625 0.425781 0.638672 0.419922 0.638672 0.417969 0.636719 0.412109 0.636719 0.410156 0.634766
0 0.460938 0.636719 0.458984 0.638672 0.451172 0.638672 0.449219 0.640625 0.447266 0.640625 0.443359 0.644531 0.443359 0.654297 0.441406 0.656250 0.441406 0.669922 0.439453 0.671875 0.439453 0.685547 0.443359 0.689453 0.443359 0.693359 0.445312 0.695312 0.447266 0.695312 0.449219 0.697266 0.460938 0.697266 0.462891 0.699219 0.474609 0.699219 0.476562 0.701172 0.480469 0.701172 0.482422 0.699219 0.484375 0.699219 0.486328 0.697266 0.488281 0.697266 0.490234 0.695312 0.490234 0.693359 0.494141 0.689453 0.494141 0.687500 0.496094 0.685547 0.496094 0.679688 0.494141 0.677734 0.494141 0.669922 0.496094 0.667969 0.496094 0.648438 0.494141 0.646484 0.494141 0.644531 0.492188 0.644531 0.486328 0.638672 0.476562 0.638672 0.474609 0.636719
0 0.529297 0.632812 0.527344 0.634766 0.523438 0.634766 0.515625 0.642578 0.511719 0.642578 0.511719 0.644531 0.501953 0.654297 0.501953 0.656250 0.498047 0.660156 0.498047 0.667969 0.496094 0.669922 0.496094 0.677734 0.501953 0.683594 0.501953 0.685547 0.507812 0.691406 0.507812 0.693359 0.511719 0.697266 0.513672 0.697266 0.515625 0.699219 0.529297 0.699219 0.531250 0.697266 0.535156 0.697266 0.537109 0.695312 0.539062 0.695312 0.546875 0.687500 0.548828 0.687500 0.562500 0.673828 0.562500 0.656250 0.560547 0.654297 0.560547 0.652344 0.558594 0.652344 0.554688 0.648438 0.554688 0.644531 0.552734 0.642578 0.550781 0.642578 0.546875 0.638672 0.546875 0.636719 0.544922 0.634766 0.535156 0.634766 0.533203 0.632812
0 0.542969 0.578125 0.541016 0.580078 0.539062 0.580078 0.539062 0.582031 0.535156 0.585938 0.535156 0.611328 0.533203 0.613281 0.535156 0.615234 0.535156 0.628906 0.537109 0.628906 0.539062 0.630859 0.541016 0.630859 0.542969 0.632812 0.544922 0.632812 0.546875 0.634766 0.550781 0.634766 0.552734 0.636719 0.580078 0.636719 0.582031 0.634766 0.583984 0.634766 0.585938 0.632812 0.587891 0.632812 0.589844 0.630859 0.589844 0.623047 0.591797 0.621094 0.591797 0.587891 0.583984 0.580078 0.582031 0.580078 0.580078 0.578125
0 0.603516 0.513672 0.601562 0.515625 0.595703 0.515625 0.593750 0.517578 0.589844 0.517578 0.587891 0.519531 0.587891 0.521484 0.582031 0.527344 0.580078 0.527344 0.580078 0.529297 0.578125 0.531250 0.576172 0.531250 0.572266 0.535156 0.572266 0.537109 0.566406 0.542969 0.566406 0.544922 0.568359 0.546875 0.568359 0.554688 0.572266 0.558594 0.572266 0.562500 0.580078 0.570312 0.580078 0.572266 0.582031 0.572266 0.587891 0.578125 0.587891 0.580078 0.589844 0.582031 0.593750 0.582031 0.595703 0.583984 0.599609 0.583984 0.601562 0.585938 0.603516 0.585938 0.605469 0.583984 0.607422 0.583984 0.609375 0.582031 0.613281 0.582031 0.615234 0.580078 0.615234 0.578125 0.617188 0.576172 0.619141 0.576172 0.636719 0.558594 0.636719 0.554688 0.638672 0.552734 0.638672 0.548828 0.630859 0.541016 0.630859 0.539062 0.628906 0.539062 0.623047 0.533203 0.623047 0.531250 0.621094 0.531250 0.615234 0.525391 0.615234 0.523438 0.613281 0.521484 0.611328 0.521484 0.605469 0.515625 0.605469 0.513672
0 0.640625 0.472656 0.638672 0.474609 0.636719 0.474609 0.634766 0.476562 0.632812 0.476562 0.630859 0.478516 0.628906 0.478516 0.625000 0.482422 0.623047 0.482422 0.617188 0.488281 0.617188 0.490234 0.609375 0.498047 0.609375 0.500000 0.607422 0.501953 0.607422 0.513672 0.628906 0.535156 0.628906 0.537109 0.630859 0.537109 0.632812 0.539062 0.632812 0.541016 0.636719 0.544922 0.640625 0.544922 0.642578 0.546875 0.646484 0.546875 0.648438 0.544922 0.652344 0.544922 0.654297 0.542969 0.654297 0.541016 0.658203 0.537109 0.658203 0.535156 0.660156 0.533203 0.662109 0.533203 0.662109 0.531250 0.679688 0.513672 0.679688 0.503906 0.677734 0.503906 0.673828 0.500000 0.673828 0.498047 0.671875 0.496094 0.671875 0.494141 0.666016 0.488281 0.666016 0.486328 0.664062 0.486328 0.656250 0.478516 0.654297 0.478516 0.650391 0.474609 0.648438 0.474609 0.646484 0.472656
0 0.689453 0.509766 0.681641 0.517578 0.679688 0.517578 0.671875 0.525391 0.669922 0.525391 0.667969 0.527344 0.667969 0.529297 0.662109 0.535156 0.660156 0.535156 0.660156 0.541016 0.658203 0.542969 0.660156 0.544922 0.660156 0.554688 0.664062 0.558594 0.664062 0.560547 0.666016 0.560547 0.667969 0.562500 0.667969 0.566406 0.669922 0.568359 0.669922 0.570312 0.671875 0.570312 0.677734 0.576172 0.677734 0.578125 0.693359 0.578125 0.695312 0.576172 0.695312 0.574219 0.699219 0.570312 0.701172 0.570312 0.701172 0.568359 0.703125 0.566406 0.707031 0.566406 0.714844 0.558594 0.716797 0.558594 0.718750 0.556641 0.720703 0.556641 0.726562 0.550781 0.726562 0.544922 0.724609 0.542969 0.724609 0.539062 0.720703 0.535156 0.720703 0.533203 0.718750 0.531250 0.718750 0.529297 0.714844 0.525391 0.714844 0.523438 0.712891 0.521484 0.712891 0.519531 0.710938 0.517578 0.710938 0.515625 0.705078 0.509766
0 0.746094 0.488281 0.744141 0.490234 0.742188 0.490234 0.740234 0.492188 0.736328 0.492188 0.734375 0.494141 0.732422 0.494141 0.728516 0.498047 0.726562 0.498047 0.724609 0.500000 0.720703 0.500000 0.716797 0.503906 0.716797 0.505859 0.712891 0.509766 0.712891 0.517578 0.716797 0.521484 0.716797 0.523438 0.718750 0.525391 0.718750 0.527344 0.720703 0.529297 0.720703 0.531250 0.722656 0.533203 0.722656 0.535156 0.726562 0.539062 0.726562 0.542969 0.728516 0.544922 0.728516 0.546875 0.730469 0.546875 0.732422 0.548828 0.740234 0.548828 0.742188 0.550781 0.746094 0.550781 0.748047 0.548828 0.755859 0.548828 0.759766 0.544922 0.761719 0.544922 0.763672 0.542969 0.765625 0.542969 0.767578 0.541016 0.769531 0.541016 0.771484 0.539062 0.771484 0.537109 0.773438 0.535156 0.775391 0.535156 0.775391 0.533203 0.777344 0.531250 0.777344 0.519531 0.775391 0.517578 0.775391 0.515625 0.773438 0.513672 0.773438 0.511719 0.771484 0.509766 0.771484 0.505859 0.769531 0.503906 0.769531 0.501953 0.767578 0.500000 0.765625 0.500000 0.763672 0.498047 0.763672 0.494141 0.761719 0.492188 0.757812 0.492188 0.755859 0.490234 0.755859 0.488281
0 0.726562 0.552734 0.720703 0.558594 0.718750 0.558594 0.716797 0.560547 0.714844 0.560547 0.707031 0.568359 0.703125 0.568359 0.703125 0.570312 0.701172 0.572266 0.699219 0.572266 0.699219 0.574219 0.695312 0.578125 0.695312 0.582031 0.697266 0.583984 0.697266 0.587891 0.699219 0.589844 0.699219 0.593750 0.703125 0.597656 0.703125 0.603516 0.705078 0.605469 0.705078 0.609375 0.708984 0.613281 0.708984 0.615234 0.710938 0.617188 0.710938 0.619141 0.712891 0.619141 0.720703 0.626953 0.728516 0.626953 0.730469 0.625000 0.736328 0.625000 0.738281 0.623047 0.740234 0.623047 0.742188 0.621094 0.746094 0.621094 0.748047 0.619141 0.750000 0.619141 0.751953 0.617188 0.753906 0.617188 0.753906 0.615234 0.759766 0.609375 0.763672 0.609375 0.763672 0.607422 0.765625 0.605469 0.765625 0.603516 0.767578 0.601562 0.769531 0.601562 0.767578 0.599609 0.767578 0.589844 0.765625 0.587891 0.765625 0.585938 0.763672 0.583984 0.763672 0.578125 0.761719 0.576172 0.761719 0.572266 0.759766 0.570312 0.759766 0.568359 0.753906 0.562500 0.753906 0.560547 0.746094 0.552734
0 0.513672 0.705078 0.511719 0.707031 0.507812 0.707031 0.507812 0.708984 0.503906 0.712891 0.501953 0.712891 0.500000 0.714844 0.498047 0.714844 0.494141 0.718750 0.492188 0.718750 0.490234 0.720703 0.490234 0.722656 0.488281 0.724609 0.486328 0.724609 0.486328 0.726562 0.484375 0.728516 0.484375 0.730469 0.482422 0.732422 0.482422 0.744141 0.484375 0.746094 0.484375 0.750000 0.488281 0.753906 0.488281 0.755859 0.507812 0.775391 0.519531 0.775391 0.521484 0.773438 0.523438 0.773438 0.527344 0.769531 0.529297 0.769531 0.531250 0.767578 0.533203 0.767578 0.550781 0.750000 0.550781 0.746094 0.552734 0.744141 0.552734 0.740234 0.550781 0.738281 0.550781 0.730469 0.546875 0.726562 0.546875 0.724609 0.541016 0.718750 0.541016 0.716797 0.533203 0.708984 0.533203 0.707031 0.529297 0.707031 0.527344 0.705078
0 0.507812 0.777344 0.505859 0.779297 0.500000 0.779297 0.498047 0.781250 0.498047 0.783203 0.488281 0.792969 0.488281 0.796875 0.486328 0.798828 0.486328 0.800781 0.484375 0.802734 0.484375 0.804688 0.482422 0.806641 0.482422 0.828125 0.484375 0.830078 0.486328 0.830078 0.488281 0.832031 0.488281 0.833984 0.492188 0.837891 0.494141 0.837891 0.500000 0.843750 0.501953 0.843750 0.505859 0.847656 0.525391 0.847656 0.531250 0.841797 0.531250 0.839844 0.541016 0.830078 0.541016 0.828125 0.544922 0.824219 0.544922 0.822266 0.546875 0.820312 0.548828 0.820312 0.548828 0.802734 0.542969 0.796875 0.542969 0.794922 0.535156 0.787109 0.533203 0.787109 0.525391 0.779297 0.523438 0.779297 0.521484 0.777344
0 0.441406 0.792969 0.439453 0.794922 0.437500 0.794922 0.435547 0.796875 0.435547 0.798828 0.433594 0.800781 0.433594 0.802734 0.431641 0.804688 0.431641 0.810547 0.429688 0.812500 0.429688 0.833984 0.431641 0.835938 0.431641 0.837891 0.433594 0.837891 0.435547 0.839844 0.435547 0.841797 0.439453 0.841797 0.441406 0.843750 0.447266 0.843750 0.449219 0.845703 0.470703 0.845703 0.470703 0.843750 0.472656 0.841797 0.474609 0.841797 0.478516 0.837891 0.478516 0.820312 0.480469 0.818359 0.480469 0.802734 0.478516 0.800781 0.478516 0.798828 0.476562 0.796875 0.474609 0.796875 0.472656 0.794922 0.470703 0.794922 0.468750 0.792969
0 0.509766 0.849609 0.507812 0.851562 0.505859 0.851562 0.503906 0.853516 0.501953 0.853516 0.498047 0.857422 0.492188 0.857422 0.492188 0.859375 0.490234 0.861328 0.488281 0.861328 0.482422 0.867188 0.482422 0.869141 0.480469 0.871094 0.480469 0.873047 0.478516 0.875000 0.480469 0.876953 0.480469 0.882812 0.482422 0.884766 0.482422 0.890625 0.484375 0.892578 0.484375 0.894531 0.486328 0.896484 0.486328 0.900391 0.492188 0.906250 0.492188 0.908203 0.494141 0.910156 0.496094 0.910156 0.498047 0.912109 0.503906 0.912109 0.505859 0.914062 0.507812 0.914062 0.509766 0.912109 0.511719 0.912109 0.513672 0.910156 0.515625 0.910156 0.519531 0.906250 0.523438 0.906250 0.527344 0.902344 0.529297 0.902344 0.533203 0.898438 0.537109 0.898438 0.539062 0.896484 0.539062 0.894531 0.541016 0.892578 0.541016 0.886719 0.539062 0.884766 0.539062 0.880859 0.537109 0.878906 0.537109 0.876953 0.535156 0.875000 0.535156 0.871094 0.533203 0.869141 0.533203 0.867188 0.529297 0.863281 0.529297 0.861328 0.527344 0.859375 0.527344 0.857422 0.525391 0.855469 0.525391 0.853516 0.523438 0.851562 0.519531 0.851562 0.517578 0.849609
0 0.533203 0.900391 0.527344 0.906250 0.525391 0.906250 0.523438 0.908203 0.519531 0.908203 0.513672 0.914062 0.511719 0.914062 0.509766 0.916016 0.505859 0.916016 0.503906 0.917969 0.501953 0.917969 0.501953 0.925781 0.503906 0.927734 0.503906 0.929688 0.505859 0.931641 0.505859 0.935547 0.507812 0.937500 0.507812 0.939453 0.509766 0.941406 0.509766 0.943359 0.517578 0.951172 0.517578 0.953125 0.533203 0.953125 0.535156 0.951172 0.541016 0.951172 0.542969 0.949219 0.544922 0.949219 0.546875 0.947266 0.548828 0.947266 0.552734 0.943359 0.552734 0.941406 0.554688 0.939453 0.554688 0.937500 0.556641 0.935547 0.556641 0.925781 0.554688 0.923828 0.554688 0.921875 0.552734 0.919922 0.552734 0.917969 0.550781 0.916016 0.550781 0.910156 0.541016 0.900391
0 0.687500 0.798828 0.685547 0.800781 0.667969 0.800781 0.666016 0.802734 0.664062 0.802734 0.662109 0.804688 0.662109 0.806641 0.660156 0.808594 0.660156 0.812500 0.658203 0.814453 0.658203 0.820312 0.656250 0.822266 0.656250 0.824219 0.658203 0.826172 0.658203 0.828125 0.660156 0.830078 0.660156 0.835938 0.666016 0.841797 0.666016 0.843750 0.667969 0.845703 0.667969 0.847656 0.671875 0.851562 0.671875 0.853516 0.673828 0.853516 0.675781 0.855469 0.675781 0.859375 0.685547 0.869141 0.687500 0.869141 0.693359 0.875000 0.695312 0.875000 0.697266 0.876953 0.701172 0.876953 0.703125 0.878906 0.705078 0.878906 0.707031 0.880859 0.708984 0.880859 0.710938 0.882812 0.718750 0.882812 0.720703 0.880859 0.722656 0.880859 0.728516 0.875000 0.728516 0.873047 0.734375 0.867188 0.734375 0.845703 0.736328 0.843750 0.736328 0.810547 0.734375 0.808594 0.734375 0.802734 0.732422 0.802734 0.730469 0.800781 0.728516 0.800781 0.726562 0.798828
0 0.769531 0.880859 0.767578 0.882812 0.767578 0.884766 0.763672 0.888672 0.763672 0.890625 0.761719 0.892578 0.761719 0.894531 0.759766 0.896484 0.759766 0.904297 0.757812 0.906250 0.757812 0.908203 0.755859 0.910156 0.755859 0.912109 0.753906 0.914062 0.753906 0.917969 0.751953 0.919922 0.751953 0.927734 0.755859 0.931641 0.755859 0.933594 0.761719 0.939453 0.771484 0.939453 0.773438 0.941406 0.775391 0.941406 0.779297 0.945312 0.781250 0.945312 0.783203 0.947266 0.802734 0.947266 0.804688 0.945312 0.804688 0.941406 0.806641 0.939453 0.808594 0.939453 0.808594 0.937500 0.810547 0.935547 0.810547 0.933594 0.812500 0.931641 0.812500 0.923828 0.814453 0.921875 0.814453 0.908203 0.812500 0.906250 0.812500 0.902344 0.810547 0.900391 0.810547 0.896484 0.806641 0.892578 0.806641 0.890625 0.804688 0.888672 0.802734 0.888672 0.800781 0.886719 0.798828 0.886719 0.794922 0.882812 0.791016 0.882812 0.789062 0.880859
0 0.847656 0.849609 0.841797 0.855469 0.820312 0.855469 0.818359 0.857422 0.814453 0.857422 0.814453 0.859375 0.812500 0.861328 0.812500 0.863281 0.808594 0.867188 0.808594 0.869141 0.806641 0.871094 0.806641 0.886719 0.808594 0.888672 0.808594 0.892578 0.812500 0.896484 0.812500 0.900391 0.814453 0.902344 0.814453 0.906250 0.816406 0.908203 0.816406 0.910156 0.818359 0.910156 0.820312 0.912109 0.822266 0.912109 0.824219 0.914062 0.828125 0.910156 0.832031 0.910156 0.833984 0.908203 0.835938 0.910156 0.835938 0.917969 0.837891 0.916016 0.841797 0.916016 0.843750 0.914062 0.845703 0.914062 0.847656 0.912109 0.849609 0.912109 0.851562 0.910156 0.853516 0.910156 0.855469 0.908203 0.857422 0.908203 0.857422 0.906250 0.859375 0.904297 0.859375 0.900391 0.861328 0.898438 0.861328 0.894531 0.863281 0.892578 0.863281 0.890625 0.865234 0.888672 0.865234 0.865234 0.861328 0.861328 0.861328 0.859375 0.859375 0.859375 0.857422 0.857422 0.857422 0.855469 0.855469 0.855469 0.851562 0.851562 0.849609 0.851562
0 0.830078 0.791016 0.826172 0.794922 0.824219 0.794922 0.822266 0.796875 0.820312 0.796875 0.818359 0.798828 0.816406 0.798828 0.814453 0.800781 0.814453 0.802734 0.810547 0.806641 0.806641 0.806641 0.806641 0.808594 0.804688 0.810547 0.804688 0.812500 0.802734 0.814453 0.802734 0.824219 0.804688 0.826172 0.804688 0.828125 0.806641 0.830078 0.806641 0.832031 0.814453 0.839844 0.814453 0.841797 0.820312 0.847656 0.822266 0.847656 0.824219 0.849609 0.824219 0.851562 0.826172 0.853516 0.841797 0.853516 0.847656 0.847656 0.849609 0.847656 0.855469 0.841797 0.857422 0.841797 0.863281 0.835938 0.863281 0.833984 0.865234 0.832031 0.867188 0.832031 0.867188 0.826172 0.869141 0.824219 0.869141 0.818359 0.867188 0.816406 0.867188 0.812500 0.865234 0.810547 0.865234 0.808594 0.863281 0.806641 0.861328 0.806641 0.853516 0.798828 0.851562 0.798828 0.847656 0.794922 0.845703 0.794922 0.841797 0.791016
0 0.804688 0.724609 0.802734 0.726562 0.800781 0.726562 0.798828 0.728516 0.796875 0.728516 0.792969 0.732422 0.792969 0.734375 0.791016 0.736328 0.791016 0.738281 0.787109 0.742188 0.787109 0.746094 0.785156 0.748047 0.785156 0.751953 0.783203 0.753906 0.783203 0.755859 0.781250 0.757812 0.781250 0.759766 0.779297 0.761719 0.779297 0.765625 0.777344 0.767578 0.779297 0.769531 0.779297 0.773438 0.781250 0.775391 0.781250 0.777344 0.783203 0.779297 0.783203 0.781250 0.785156 0.783203 0.785156 0.785156 0.787109 0.785156 0.792969 0.791016 0.794922 0.791016 0.796875 0.792969 0.802734 0.792969 0.804688 0.794922 0.808594 0.794922 0.810547 0.796875 0.812500 0.794922 0.820312 0.794922 0.822266 0.792969 0.826172 0.792969 0.835938 0.783203 0.835938 0.775391 0.837891 0.773438 0.837891 0.769531 0.839844 0.767578 0.839844 0.765625 0.841797 0.763672 0.841797 0.759766 0.843750 0.757812 0.843750 0.750000 0.845703 0.748047 0.839844 0.742188 0.837891 0.742188 0.835938 0.740234 0.835938 0.738281 0.833984 0.738281 0.832031 0.736328 0.828125 0.736328 0.826172 0.734375 0.826172 0.732422 0.824219 0.732422 0.818359 0.726562 0.812500 0.726562 0.810547 0.724609
0 0.857422 0.736328 0.847656 0.746094 0.847656 0.748047 0.845703 0.750000 0.845703 0.757812 0.843750 0.759766 0.843750 0.763672 0.841797 0.765625 0.841797 0.767578 0.839844 0.769531 0.839844 0.773438 0.837891 0.775391 0.837891 0.783203 0.841797 0.787109 0.843750 0.787109 0.845703 0.789062 0.845703 0.791016 0.847656 0.791016 0.851562 0.794922 0.853516 0.794922 0.857422 0.798828 0.859375 0.798828 0.865234 0.804688 0.869141 0.804688 0.871094 0.806641 0.875000 0.806641 0.876953 0.804688 0.880859 0.804688 0.880859 0.802734 0.884766 0.798828 0.886719 0.798828 0.888672 0.796875 0.888672 0.794922 0.890625 0.792969 0.890625 0.791016 0.894531 0.787109 0.896484 0.787109 0.896484 0.781250 0.898438 0.779297 0.898438 0.777344 0.900391 0.775391 0.900391 0.773438 0.902344 0.771484 0.902344 0.755859 0.896484 0.750000 0.896484 0.748047 0.894531 0.748047 0.890625 0.744141 0.888672 0.744141 0.886719 0.742188 0.884766 0.742188 0.880859 0.738281 0.876953 0.738281 0.875000 0.736328
0 0.851562 0.673828 0.851562 0.675781 0.849609 0.677734 0.845703 0.677734 0.841797 0.681641 0.839844 0.681641 0.835938 0.685547 0.833984 0.685547 0.832031 0.687500 0.830078 0.687500 0.826172 0.691406 0.824219 0.691406 0.820312 0.695312 0.818359 0.695312 0.818359 0.697266 0.816406 0.699219 0.816406 0.710938 0.818359 0.712891 0.818359 0.716797 0.824219 0.722656 0.824219 0.726562 0.826172 0.728516 0.826172 0.730469 0.828125 0.732422 0.828125 0.734375 0.832031 0.734375 0.833984 0.736328 0.835938 0.736328 0.839844 0.740234 0.843750 0.740234 0.845703 0.742188 0.847656 0.740234 0.849609 0.740234 0.853516 0.736328 0.855469 0.736328 0.857422 0.734375 0.863281 0.734375 0.865234 0.732422 0.867188 0.732422 0.869141 0.730469 0.871094 0.730469 0.876953 0.724609 0.876953 0.722656 0.878906 0.720703 0.878906 0.718750 0.880859 0.716797 0.880859 0.708984 0.878906 0.707031 0.878906 0.701172 0.875000 0.697266 0.875000 0.691406 0.873047 0.691406 0.871094 0.689453 0.871094 0.687500 0.867188 0.683594 0.867188 0.681641 0.865234 0.681641 0.859375 0.675781 0.859375 0.673828
0 0.820312 0.630859 0.816406 0.634766 0.814453 0.634766 0.808594 0.640625 0.802734 0.640625 0.802734 0.642578 0.796875 0.648438 0.794922 0.648438 0.794922 0.650391 0.792969 0.652344 0.792969 0.666016 0.796875 0.669922 0.796875 0.671875 0.798828 0.673828 0.798828 0.675781 0.802734 0.679688 0.802734 0.681641 0.810547 0.689453 0.810547 0.691406 0.812500 0.691406 0.814453 0.693359 0.820312 0.693359 0.824219 0.689453 0.826172 0.689453 0.832031 0.683594 0.835938 0.683594 0.839844 0.679688 0.841797 0.679688 0.845703 0.675781 0.849609 0.675781 0.849609 0.673828 0.851562 0.671875 0.851562 0.664062 0.849609 0.662109 0.849609 0.658203 0.847656 0.656250 0.847656 0.654297 0.845703 0.652344 0.845703 0.650391 0.841797 0.646484 0.841797 0.642578 0.837891 0.638672 0.837891 0.634766 0.833984 0.630859
0 0.876953 0.605469 0.875000 0.607422 0.873047 0.607422 0.867188 0.613281 0.865234 0.613281 0.863281 0.615234 0.861328 0.615234 0.861328 0.617188 0.859375 0.619141 0.857422 0.619141 0.855469 0.621094 0.851562 0.621094 0.851562 0.623047 0.845703 0.628906 0.843750 0.628906 0.843750 0.646484 0.847656 0.650391 0.847656 0.652344 0.851562 0.656250 0.851562 0.662109 0.853516 0.662109 0.855469 0.664062 0.855469 0.666016 0.857422 0.667969 0.857422 0.669922 0.859375 0.669922 0.861328 0.671875 0.861328 0.675781 0.865234 0.679688 0.867188 0.679688 0.871094 0.683594 0.873047 0.683594 0.875000 0.685547 0.878906 0.685547 0.880859 0.683594 0.884766 0.683594 0.888672 0.679688 0.890625 0.679688 0.900391 0.669922 0.902344 0.669922 0.912109 0.660156 0.912109 0.658203 0.914062 0.656250 0.914062 0.652344 0.912109 0.650391 0.912109 0.640625 0.910156 0.638672 0.910156 0.636719 0.908203 0.634766 0.908203 0.632812 0.906250 0.630859 0.906250 0.628906 0.904297 0.626953 0.904297 0.625000 0.894531 0.615234 0.894531 0.613281 0.892578 0.611328 0.892578 0.609375 0.890625 0.609375 0.886719 0.605469
0 0.923828 0.599609 0.919922 0.603516 0.916016 0.603516 0.914062 0.605469 0.914062 0.648438 0.916016 0.650391 0.916016 0.652344 0.923828 0.660156 0.957031 0.660156 0.958984 0.658203 0.960938 0.658203 0.964844 0.654297 0.964844 0.638672 0.966797 0.636719 0.966797 0.621094 0.968750 0.619141 0.968750 0.617188 0.966797 0.615234 0.966797 0.607422 0.964844 0.605469 0.964844 0.603516 0.960938 0.603516 0.958984 0.601562 0.947266 0.601562 0.945312 0.599609