0 0.099483 0.156250 0.096899 0.160156 0.095607 0.160156 0.094315 0.162109 0.093023 0.162109 0.091731 0.164062 0.091731 0.166016 0.090439 0.167969 0.090439 0.179688 0.091731 0.181641 0.091731 0.189453 0.093023 0.189453 0.098191 0.197266 0.109819 0.197266 0.109819 0.195312 0.114987 0.187500 0.114987 0.183594 0.116279 0.181641 0.116279 0.179688 0.114987 0.177734 0.114987 0.173828 0.113695 0.171875 0.113695 0.169922 0.111111 0.166016 0.111111 0.164062 0.109819 0.162109 0.109819 0.160156 0.108527 0.160156 0.107235 0.158203 0.105943 0.158203 0.104651 0.156250
0 0.029716 0.306641 0.027132 0.310547 0.025840 0.310547 0.023256 0.314453 0.023256 0.318359 0.024548 0.320312 0.024548 0.322266 0.025840 0.324219 0.025840 0.326172 0.028424 0.330078 0.028424 0.332031 0.031008 0.332031 0.032300 0.333984 0.046512 0.333984 0.047804 0.332031 0.050388 0.332031 0.051680 0.330078 0.052972 0.330078 0.054264 0.328125 0.054264 0.324219 0.055556 0.322266 0.050388 0.314453 0.049096 0.314453 0.047804 0.312500 0.046512 0.312500 0.043928 0.308594 0.040052 0.308594 0.038760 0.306641
0 0.099483 0.343750 0.099483 0.345703 0.096899 0.349609 0.096899 0.351562 0.094315 0.355469 0.094315 0.359375 0.093023 0.361328 0.093023 0.363281 0.094315 0.365234 0.094315 0.369141 0.096899 0.373047 0.096899 0.375000 0.099483 0.378906 0.099483 0.380859 0.100775 0.380859 0.102067 0.382812 0.103359 0.382812 0.104651 0.384766 0.105943 0.384766 0.107235 0.386719 0.108527 0.386719 0.109819 0.384766 0.112403 0.384766 0.114987 0.380859 0.116279 0.380859 0.116279 0.378906 0.121447 0.371094 0.122739 0.371094 0.122739 0.351562 0.121447 0.349609 0.121447 0.347656 0.118863 0.343750
0 0.005168 0.375000 0.003876 0.376953 0.001292 0.376953 0.000000 0.378906 0.000000 0.427734 0.002584 0.427734 0.003876 0.429688 0.006460 0.429688 0.007752 0.427734 0.010336 0.427734 0.011628 0.425781 0.014212 0.425781 0.016796 0.421875 0.018088 0.421875 0.020672 0.417969 0.020672 0.392578 0.018088 0.388672 0.016796 0.388672 0.014212 0.384766 0.012920 0.384766 0.007752 0.376953 0.006460 0.376953
0 0.056848 0.513672 0.055556 0.515625 0.054264 0.515625 0.049096 0.523438 0.049096 0.525391 0.047804 0.527344 0.046512 0.527344 0.046512 0.535156 0.047804 0.537109 0.047804 0.539062 0.049096 0.541016 0.049096 0.542969 0.052972 0.548828 0.055556 0.548828 0.056848 0.550781 0.059432 0.550781 0.060724 0.552734 0.062016 0.552734 0.063307 0.550781 0.064599 0.550781 0.067183 0.546875 0.068475 0.546875 0.068475 0.544922 0.071059 0.541016 0.071059 0.525391 0.067183 0.519531 0.065891 0.519531 0.064599 0.517578 0.063307 0.517578 0.062016 0.515625 0.060724 0.515625 0.059432 0.513672
0 0.040052 0.691406 0.038760 0.693359 0.037468 0.693359 0.034884 0.697266 0.034884 0.699219 0.031008 0.705078 0.031008 0.716797 0.032300 0.718750 0.033592 0.718750 0.036176 0.722656 0.037468 0.722656 0.040052 0.726562 0.041344 0.726562 0.042636 0.728516 0.043928 0.728516 0.045220 0.730469 0.046512 0.728516 0.049096 0.728516 0.050388 0.726562 0.052972 0.726562 0.054264 0.724609 0.054264 0.718750 0.055556 0.716797 0.055556 0.710938 0.054264 0.708984 0.054264 0.705078 0.049096 0.697266 0.049096 0.695312 0.047804 0.693359 0.046512 0.693359 0.045220 0.691406
0 0.005168 0.714844 0.003876 0.716797 0.003876 0.718750 0.002584 0.720703 0.002584 0.726562 0.001292 0.728516 0.001292 0.736328 0.002584 0.738281 0.002584 0.748047 0.003876 0.750000 0.005168 0.750000 0.007752 0.753906 0.009044 0.751953 0.014212 0.751953 0.015504 0.750000 0.024548 0.750000 0.029716 0.742188 0.029716 0.734375 0.028424 0.734375 0.027132 0.732422 0.027132 0.730469 0.025840 0.728516 0.025840 0.726562 0.024548 0.724609 0.023256 0.724609 0.020672 0.720703 0.020672 0.718750 0.018088 0.714844
0 0.019380 0.818359 0.016796 0.822266 0.015504 0.822266 0.015504 0.824219 0.012920 0.828125 0.012920 0.832031 0.011628 0.833984 0.011628 0.839844 0.012920 0.841797 0.012920 0.845703 0.015504 0.845703 0.016796 0.847656 0.018088 0.847656 0.019380 0.849609 0.019380 0.851562 0.021964 0.855469 0.033592 0.855469 0.034884 0.853516 0.036176 0.853516 0.036176 0.851562 0.042636 0.841797 0.042636 0.835938 0.040052 0.832031 0.040052 0.830078 0.033592 0.820312 0.032300 0.820312 0.031008 0.818359
0 0.000000 0.853516 0.000000 0.904297 0.002584 0.904297 0.003876 0.902344 0.003876 0.896484 0.005168 0.894531 0.005168 0.890625 0.007752 0.886719 0.007752 0.882812 0.009044 0.880859 0.009044 0.869141 0.007752 0.867188 0.007752 0.865234 0.006460 0.863281 0.006460 0.859375 0.005168 0.859375 0.001292 0.853516
0 0.153747 0.691406 0.152455 0.693359 0.151163 0.693359 0.149871 0.695312 0.148579 0.695312 0.147287 0.697266 0.144703 0.697266 0.144703 0.718750 0.145995 0.720703 0.145995 0.724609 0.148579 0.728516 0.148579 0.730469 0.151163 0.734375 0.151163 0.736328 0.153747 0.740234 0.157623 0.740234 0.158915 0.742188 0.161499 0.742188 0.162791 0.740234 0.164083 0.740234 0.166667 0.736328 0.166667 0.705078 0.165375 0.703125 0.165375 0.701172 0.164083 0.699219 0.164083 0.697266 0.162791 0.697266 0.161499 0.695312 0.158915 0.695312 0.156331 0.691406
0 0.202842 0.722656 0.198966 0.728516 0.198966 0.738281 0.197674 0.740234 0.197674 0.744141 0.196382 0.746094 0.196382 0.751953 0.195090 0.753906 0.195090 0.759766 0.198966 0.765625 0.208010 0.765625 0.210594 0.761719 0.211886 0.761719 0.214470 0.757812 0.217054 0.757812 0.217054 0.755859 0.218346 0.753906 0.218346 0.750000 0.219638 0.748047 0.219638 0.746094 0.218346 0.744141 0.218346 0.740234 0.217054 0.738281 0.217054 0.736328 0.215762 0.734375 0.215762 0.732422 0.214470 0.730469 0.214470 0.728516 0.211886 0.724609 0.211886 0.722656
0 0.236434 0.755859 0.235142 0.757812 0.233850 0.757812 0.232558 0.759766 0.231266 0.759766 0.228682 0.763672 0.227390 0.763672 0.227390 0.765625 0.226098 0.767578 0.226098 0.771484 0.224806 0.773438 0.224806 0.785156 0.226098 0.787109 0.226098 0.792969 0.227390 0.792969 0.228682 0.794922 0.232558 0.794922 0.233850 0.796875 0.241602 0.796875 0.242894 0.798828 0.244186 0.796875 0.248062 0.796875 0.249354 0.794922 0.249354 0.792969 0.251938 0.789062 0.251938 0.779297 0.250646 0.777344 0.250646 0.773438 0.249354 0.771484 0.249354 0.767578 0.248062 0.765625 0.248062 0.763672 0.245478 0.759766 0.244186 0.759766 0.241602 0.755859
0 0.263566 0.886719 0.258398 0.894531 0.258398 0.898438 0.257106 0.900391 0.257106 0.906250 0.258398 0.908203 0.258398 0.914062 0.264858 0.923828 0.270026 0.923828 0.271318 0.925781 0.276486 0.925781 0.277778 0.923828 0.280362 0.923828 0.281654 0.921875 0.281654 0.917969 0.282946 0.916016 0.282946 0.898438 0.275194 0.886719
0 0.285530 0.687500 0.284238 0.689453 0.280362 0.689453 0.279070 0.691406 0.277778 0.691406 0.276486 0.693359 0.275194 0.693359 0.273902 0.695312 0.273902 0.697266 0.272610 0.699219 0.272610 0.703125 0.271318 0.705078 0.271318 0.707031 0.272610 0.708984 0.272610 0.710938 0.273902 0.712891 0.273902 0.714844 0.276486 0.718750 0.276486 0.720703 0.279070 0.720703 0.280362 0.722656 0.284238 0.722656 0.285530 0.720703 0.288114 0.720703 0.289406 0.718750 0.290698 0.718750 0.293282 0.714844 0.295866 0.714844 0.297158 0.712891 0.297158 0.710938 0.298450 0.708984 0.298450 0.699219 0.294574 0.693359 0.293282 0.693359 0.290698 0.689453 0.286822 0.689453
0 0.370801 0.740234 0.369509 0.742188 0.366925 0.742188 0.365633 0.744141 0.364341 0.744141 0.364341 0.746094 0.363049 0.748047 0.361757 0.748047 0.360465 0.750000 0.360465 0.751953 0.357881 0.755859 0.357881 0.773438 0.360465 0.777344 0.361757 0.777344 0.364341 0.781250 0.368217 0.781250 0.369509 0.783203 0.373385 0.783203 0.374677 0.781250 0.375969 0.781250 0.375969 0.779297 0.377261 0.777344 0.377261 0.773438 0.378553 0.771484 0.378553 0.769531 0.379845 0.767578 0.379845 0.763672 0.382429 0.759766 0.382429 0.751953 0.381137 0.750000 0.381137 0.748047 0.375969 0.740234
0 0.383721 0.757812 0.383721 0.759766 0.381137 0.763672 0.381137 0.767578 0.379845 0.769531 0.379845 0.771484 0.378553 0.773438 0.378553 0.785156 0.379845 0.787109 0.379845 0.789062 0.381137 0.791016 0.382429 0.791016 0.383721 0.792969 0.390181 0.792969 0.396641 0.783203 0.396641 0.781250 0.397933 0.779297 0.397933 0.771484 0.396641 0.769531 0.396641 0.765625 0.395349 0.763672 0.394057 0.763672 0.391473 0.759766 0.391473 0.757812
0 0.368217 0.947266 0.368217 0.951172 0.365633 0.955078 0.364341 0.955078 0.364341 0.958984 0.363049 0.960938 0.363049 0.962891 0.361757 0.964844 0.361757 0.970703 0.363049 0.972656 0.364341 0.972656 0.368217 0.978516 0.368217 0.980469 0.375969 0.980469 0.378553 0.976562 0.379845 0.976562 0.383721 0.970703 0.383721 0.968750 0.386305 0.964844 0.386305 0.955078 0.382429 0.949219 0.379845 0.949219 0.378553 0.947266
0 0.443152 0.751953 0.441860 0.753906 0.440568 0.753906 0.435401 0.761719 0.434109 0.761719 0.434109 0.763672 0.432817 0.765625 0.432817 0.767578 0.430233 0.771484 0.430233 0.779297 0.432817 0.783203 0.432817 0.785156 0.434109 0.787109 0.434109 0.789062 0.436693 0.792969 0.437984 0.792969 0.439276 0.794922 0.443152 0.794922 0.444444 0.792969 0.448320 0.792969 0.449612 0.791016 0.450904 0.791016 0.456072 0.783203 0.456072 0.779297 0.457364 0.777344 0.457364 0.761719 0.456072 0.761719 0.454780 0.759766 0.454780 0.757812 0.452196 0.753906 0.450904 0.753906 0.449612 0.751953
0 0.459948 0.875000 0.458656 0.876953 0.457364 0.876953 0.456072 0.878906 0.456072 0.880859 0.453488 0.884766 0.453488 0.898438 0.454780 0.900391 0.454780 0.902344 0.456072 0.904297 0.456072 0.908203 0.459948 0.908203 0.461240 0.910156 0.465116 0.910156 0.466408 0.908203 0.471576 0.908203 0.474160 0.904297 0.474160 0.902344 0.478036 0.896484 0.478036 0.892578 0.479328 0.890625 0.479328 0.886719 0.478036 0.884766 0.478036 0.882812 0.474160 0.876953 0.472868 0.876953 0.471576 0.875000
0 0.573643 0.921875 0.572351 0.923828 0.567183 0.923828 0.563307 0.929688 0.562016 0.929688 0.559432 0.933594 0.559432 0.958984 0.560724 0.960938 0.560724 0.962891 0.564599 0.968750 0.565891 0.968750 0.567183 0.970703 0.568475 0.970703 0.571059 0.974609 0.576227 0.974609 0.578811 0.970703 0.580103 0.970703 0.581395 0.968750 0.582687 0.968750 0.583979 0.966797 0.583979 0.964844 0.585271 0.962891 0.585271 0.960938 0.586563 0.958984 0.586563 0.955078 0.587855 0.953125 0.587855 0.945312 0.586563 0.943359 0.586563 0.939453 0.585271 0.937500 0.585271 0.933594 0.583979 0.931641 0.583979 0.929688 0.582687 0.927734 0.581395 0.927734 0.578811 0.923828 0.576227 0.923828 0.574935 0.921875
0 0.607235 0.898438 0.604651 0.902344 0.603359 0.902344 0.602067 0.904297 0.602067 0.923828 0.603359 0.925781 0.603359 0.927734 0.605943 0.931641 0.605943 0.933594 0.607235 0.933594 0.609819 0.937500 0.611111 0.937500 0.612403 0.939453 0.616279 0.939453 0.617571 0.937500 0.620155 0.937500 0.625323 0.929688 0.625323 0.923828 0.624031 0.921875 0.624031 0.912109 0.622739 0.910156 0.622739 0.906250 0.620155 0.902344 0.618863 0.902344 0.617571 0.900391 0.616279 0.900391 0.614987 0.898438
0 0.608527 0.876953 0.603359 0.884766 0.603359 0.886719 0.600775 0.890625 0.600775 0.902344 0.602067 0.902344 0.603359 0.900391 0.604651 0.900391 0.607235 0.896484 0.609819 0.896484 0.611111 0.894531 0.612403 0.894531 0.613695 0.896484 0.614987 0.896484 0.616279 0.898438 0.617571 0.898438 0.618863 0.900391 0.620155 0.900391 0.621447 0.902344 0.622739 0.900391 0.622739 0.890625 0.621447 0.888672 0.621447 0.884766 0.620155 0.882812 0.620155 0.880859 0.617571 0.880859 0.616279 0.878906 0.614987 0.878906 0.613695 0.876953
0 0.635659 0.730469 0.634367 0.732422 0.634367 0.734375 0.631783 0.738281 0.631783 0.740234 0.622739 0.753906 0.621447 0.753906 0.621447 0.755859 0.620155 0.757812 0.620155 0.767578 0.622739 0.771484 0.624031 0.771484 0.625323 0.773438 0.626615 0.773438 0.629199 0.777344 0.629199 0.779297 0.630491 0.781250 0.633075 0.781250 0.634367 0.783203 0.634367 0.785156 0.635659 0.787109 0.638243 0.787109 0.642119 0.781250 0.642119 0.777344 0.643411 0.775391 0.643411 0.773438 0.645995 0.769531 0.645995 0.765625 0.647287 0.763672 0.647287 0.761719 0.648579 0.759766 0.648579 0.757812 0.649871 0.755859 0.649871 0.750000 0.648579 0.748047 0.648579 0.746094 0.647287 0.744141 0.647287 0.740234 0.645995 0.738281 0.645995 0.732422 0.640827 0.732422 0.639535 0.730469
0 0.673127 0.734375 0.671835 0.736328 0.670543 0.736328 0.669251 0.738281 0.667959 0.738281 0.666667 0.740234 0.665375 0.740234 0.664083 0.742188 0.664083 0.751953 0.665375 0.753906 0.665375 0.755859 0.671835 0.765625 0.673127 0.765625 0.674419 0.767578 0.675711 0.767578 0.677003 0.769531 0.677003 0.771484 0.678295 0.771484 0.679587 0.773438 0.687339 0.773438 0.688630 0.771484 0.688630 0.769531 0.689922 0.767578 0.689922 0.763672 0.691214 0.761719 0.691214 0.755859 0.689922 0.753906 0.689922 0.748047 0.688630 0.746094 0.688630 0.744141 0.684755 0.738281 0.683463 0.738281 0.682171 0.736328 0.679587 0.736328 0.678295 0.734375
0 0.687339 0.808594 0.686047 0.810547 0.684755 0.810547 0.684755 0.812500 0.683463 0.814453 0.683463 0.820312 0.680879 0.824219 0.680879 0.826172 0.679587 0.828125 0.679587 0.830078 0.677003 0.833984 0.677003 0.835938 0.678295 0.837891 0.678295 0.839844 0.680879 0.843750 0.680879 0.845703 0.683463 0.849609 0.683463 0.851562 0.684755 0.853516 0.686047 0.853516 0.688630 0.857422 0.697674 0.857422 0.698966 0.855469 0.700258 0.855469 0.701550 0.853516 0.701550 0.851562 0.702842 0.849609 0.702842 0.847656 0.704134 0.845703 0.704134 0.843750 0.705426 0.841797 0.705426 0.832031 0.704134 0.830078 0.704134 0.826172 0.702842 0.824219 0.702842 0.822266 0.701550 0.820312 0.701550 0.818359 0.698966 0.814453 0.697674 0.814453 0.695090 0.810547 0.689922 0.810547 0.688630 0.808594
0 0.766150 0.949219 0.764858 0.951172 0.762274 0.951172 0.760982 0.953125 0.758398 0.953125 0.757106 0.955078 0.757106 0.957031 0.755814 0.958984 0.755814 0.966797 0.757106 0.966797 0.758398 0.968750 0.758398 0.970703 0.759690 0.972656 0.758398 0.974609 0.758398 0.976562 0.757106 0.978516 0.758398 0.980469 0.758398 0.982422 0.762274 0.988281 0.762274 0.990234 0.764858 0.994141 0.766150 0.994141 0.767442 0.996094 0.776486 0.996094 0.777778 0.994141 0.782946 0.994141 0.784238 0.992188 0.785530 0.992188 0.785530 0.990234 0.786822 0.988281 0.786822 0.986328 0.788114 0.984375 0.789406 0.984375 0.789406 0.980469 0.790698 0.978516 0.790698 0.968750 0.789406 0.966797 0.788114 0.966797 0.785530 0.962891 0.785530 0.960938 0.784238 0.960938 0.782946 0.958984 0.780362 0.958984 0.779070 0.957031 0.777778 0.957031 0.776486 0.955078 0.775194 0.955078 0.773902 0.953125 0.771318 0.953125 0.770026 0.951172 0.768734 0.951172 0.767442 0.949219
0 0.870801 0.867188 0.869509 0.869141 0.868217 0.869141 0.868217 0.873047 0.866925 0.875000 0.866925 0.876953 0.865633 0.878906 0.865633 0.882812 0.864341 0.884766 0.864341 0.888672 0.866925 0.892578 0.866925 0.896484 0.868217 0.898438 0.868217 0.902344 0.869509 0.904297 0.869509 0.906250 0.870801 0.908203 0.872093 0.908203 0.873385 0.910156 0.877261 0.910156 0.878553 0.908203 0.881137 0.908203 0.881137 0.906250 0.882429 0.904297 0.882429 0.902344 0.885013 0.898438 0.885013 0.896484 0.886305 0.894531 0.886305 0.892578 0.887597 0.890625 0.887597 0.880859 0.885013 0.876953 0.885013 0.873047 0.882429 0.873047 0.881137 0.871094 0.881137 0.869141 0.879845 0.867188
0 0.751938 0.701172 0.751938 0.703125 0.749354 0.707031 0.746770 0.707031 0.746770 0.710938 0.745478 0.712891 0.745478 0.724609 0.748062 0.728516 0.748062 0.730469 0.751938 0.736328 0.753230 0.736328 0.754522 0.738281 0.760982 0.738281 0.762274 0.736328 0.764858 0.736328 0.767442 0.732422 0.767442 0.730469 0.770026 0.726562 0.770026 0.720703 0.768734 0.718750 0.768734 0.716797 0.767442 0.714844 0.767442 0.708984 0.766150 0.707031 0.764858 0.707031 0.762274 0.703125 0.760982 0.703125 0.759690 0.701172
0 0.757106 0.646484 0.755814 0.648438 0.754522 0.648438 0.754522 0.650391 0.750646 0.656250 0.749354 0.656250 0.749354 0.660156 0.748062 0.662109 0.748062 0.673828 0.750646 0.677734 0.750646 0.679688 0.751938 0.681641 0.751938 0.683594 0.754522 0.683594 0.755814 0.685547 0.760982 0.685547 0.762274 0.683594 0.766150 0.683594 0.766150 0.677734 0.767442 0.675781 0.767442 0.673828 0.768734 0.671875 0.768734 0.660156 0.767442 0.658203 0.767442 0.656250 0.766150 0.654297 0.766150 0.650391 0.764858 0.648438 0.764858 0.646484
0 0.788114 0.607422 0.786822 0.609375 0.785530 0.609375 0.782946 0.613281 0.777778 0.613281 0.777778 0.619141 0.776486 0.621094 0.776486 0.623047 0.775194 0.625000 0.776486 0.626953 0.776486 0.630859 0.777778 0.632812 0.777778 0.636719 0.781654 0.642578 0.782946 0.642578 0.784238 0.644531 0.784238 0.646484 0.786822 0.646484 0.788114 0.648438 0.795866 0.648438 0.797158 0.646484 0.799742 0.646484 0.802326 0.642578 0.802326 0.640625 0.803618 0.638672 0.803618 0.621094 0.802326 0.619141 0.802326 0.617188 0.801034 0.615234 0.801034 0.613281 0.797158 0.613281 0.795866 0.611328 0.794574 0.611328 0.793282 0.609375 0.790698 0.609375 0.789406 0.607422
0 0.970284 0.589844 0.968992 0.591797 0.965116 0.591797 0.965116 0.593750 0.963824 0.595703 0.962532 0.595703 0.959948 0.599609 0.959948 0.601562 0.958656 0.603516 0.958656 0.619141 0.959948 0.621094 0.959948 0.623047 0.961240 0.625000 0.961240 0.626953 0.962532 0.626953 0.963824 0.628906 0.963824 0.630859 0.965116 0.632812 0.971576 0.632812 0.975452 0.626953 0.976744 0.626953 0.976744 0.625000 0.978036 0.623047 0.978036 0.619141 0.979328 0.617188 0.980620 0.617188 0.981912 0.615234 0.981912 0.613281 0.983204 0.611328 0.983204 0.599609 0.976744 0.589844
0 0.881137 0.492188 0.881137 0.494141 0.879845 0.496094 0.879845 0.498047 0.878553 0.500000 0.878553 0.501953 0.877261 0.503906 0.877261 0.509766 0.879845 0.513672 0.879845 0.515625 0.881137 0.517578 0.881137 0.521484 0.886305 0.529297 0.887597 0.529297 0.888889 0.531250 0.894057 0.531250 0.895349 0.529297 0.897933 0.529297 0.900517 0.525391 0.900517 0.523438 0.901809 0.521484 0.901809 0.519531 0.903101 0.517578 0.903101 0.509766 0.901809 0.507812 0.901809 0.503906 0.899225 0.500000 0.899225 0.496094 0.896641 0.492188
0 0.966408 0.314453 0.965116 0.316406 0.963824 0.316406 0.958656 0.324219 0.957364 0.324219 0.957364 0.330078 0.956072 0.332031 0.956072 0.335938 0.954780 0.337891 0.954780 0.351562 0.957364 0.355469 0.957364 0.359375 0.958656 0.361328 0.959948 0.361328 0.962532 0.365234 0.963824 0.365234 0.965116 0.367188 0.966408 0.367188 0.967700 0.369141 0.970284 0.369141 0.971576 0.367188 0.972868 0.367188 0.975452 0.363281 0.975452 0.361328 0.976744 0.359375 0.978036 0.359375 0.978036 0.357422 0.979328 0.355469 0.979328 0.353516 0.980620 0.351562 0.980620 0.335938 0.979328 0.333984 0.979328 0.330078 0.976744 0.326172 0.976744 0.324219 0.975452 0.322266 0.975452 0.320312 0.974160 0.320312 0.972868 0.318359 0.970284 0.318359 0.968992 0.316406 0.967700 0.316406
0 0.930233 0.279297 0.927649 0.283203 0.927649 0.285156 0.926357 0.287109 0.926357 0.308594 0.927649 0.310547 0.927649 0.314453 0.930233 0.318359 0.930233 0.320312 0.931525 0.322266 0.932817 0.322266 0.934109 0.324219 0.936693 0.324219 0.939276 0.328125 0.941860 0.328125 0.943152 0.330078 0.945736 0.330078 0.947028 0.328125 0.948320 0.328125 0.949612 0.326172 0.950904 0.326172 0.952196 0.324219 0.952196 0.320312 0.953488 0.318359 0.953488 0.316406 0.954780 0.314453 0.953488 0.312500 0.953488 0.304688 0.952196 0.302734 0.952196 0.298828 0.950904 0.296875 0.950904 0.294922 0.949612 0.292969 0.949612 0.287109 0.947028 0.283203 0.945736 0.283203 0.943152 0.279297
0 0.732558 0.367188 0.731266 0.369141 0.728682 0.369141 0.727390 0.371094 0.726098 0.371094 0.726098 0.373047 0.724806 0.375000 0.722222 0.375000 0.720930 0.376953 0.720930 0.382812 0.719638 0.384766 0.719638 0.400391 0.720930 0.402344 0.720930 0.410156 0.722222 0.412109 0.723514 0.412109 0.727390 0.417969 0.729974 0.417969 0.731266 0.419922 0.735142 0.419922 0.736434 0.417969 0.739018 0.417969 0.740310 0.416016 0.741602 0.416016 0.753230 0.398438 0.753230 0.384766 0.750646 0.380859 0.750646 0.375000 0.749354 0.375000 0.748062 0.373047 0.748062 0.371094 0.746770 0.371094 0.744186 0.367188
0 0.591731 0.412109 0.590439 0.414062 0.587855 0.414062 0.586563 0.416016 0.586563 0.417969 0.585271 0.419922 0.583979 0.419922 0.583979 0.423828 0.582687 0.425781 0.582687 0.447266 0.583979 0.449219 0.583979 0.451172 0.585271 0.453125 0.585271 0.455078 0.591731 0.464844 0.599483 0.464844 0.600775 0.462891 0.602067 0.462891 0.603359 0.460938 0.604651 0.460938 0.604651 0.458984 0.605943 0.457031 0.605943 0.455078 0.607235 0.453125 0.607235 0.451172 0.608527 0.449219 0.608527 0.447266 0.609819 0.445312 0.609819 0.429688 0.608527 0.427734 0.608527 0.425781 0.607235 0.423828 0.607235 0.421875 0.604651 0.417969 0.603359 0.417969 0.602067 0.416016 0.600775 0.416016 0.599483 0.414062 0.598191 0.414062 0.596899 0.412109
0 0.559432 0.359375 0.558140 0.361328 0.556848 0.361328 0.551680 0.369141 0.551680 0.371094 0.550388 0.373047 0.550388 0.375000 0.549096 0.376953 0.549096 0.382812 0.547804 0.384766 0.549096 0.386719 0.549096 0.388672 0.550388 0.390625 0.550388 0.392578 0.551680 0.394531 0.551680 0.396484 0.552972 0.398438 0.554264 0.398438 0.558140 0.404297 0.563307 0.404297 0.564599 0.402344 0.567183 0.402344 0.568475 0.400391 0.569767 0.400391 0.572351 0.396484 0.574935 0.396484 0.574935 0.394531 0.576227 0.392578 0.576227 0.388672 0.577519 0.386719 0.577519 0.380859 0.578811 0.378906 0.578811 0.375000 0.577519 0.373047 0.577519 0.371094 0.576227 0.369141 0.576227 0.365234 0.574935 0.363281 0.572351 0.363281 0.571059 0.361328 0.568475 0.361328 0.567183 0.359375
0 0.622739 0.238281 0.621447 0.240234 0.616279 0.240234 0.614987 0.242188 0.613695 0.242188 0.609819 0.248047 0.609819 0.250000 0.608527 0.251953 0.608527 0.261719 0.609819 0.263672 0.609819 0.265625 0.611111 0.267578 0.611111 0.269531 0.612403 0.271484 0.613695 0.271484 0.614987 0.273438 0.616279 0.273438 0.618863 0.277344 0.620155 0.277344 0.621447 0.275391 0.622739 0.275391 0.624031 0.273438 0.627907 0.273438 0.629199 0.271484 0.629199 0.269531 0.631783 0.265625 0.631783 0.263672 0.634367 0.259766 0.634367 0.250000 0.631783 0.246094 0.631783 0.244141 0.630491 0.242188 0.630491 0.240234 0.626615 0.240234 0.625323 0.238281
0 0.742894 0.214844 0.737726 0.222656 0.736434 0.222656 0.731266 0.230469 0.731266 0.240234 0.732558 0.242188 0.732558 0.244141 0.733850 0.246094 0.733850 0.248047 0.735142 0.250000 0.735142 0.251953 0.736434 0.253906 0.736434 0.257812 0.737726 0.259766 0.737726 0.261719 0.739018 0.261719 0.740310 0.263672 0.753230 0.263672 0.755814 0.259766 0.757106 0.259766 0.760982 0.253906 0.760982 0.250000 0.763566 0.246094 0.763566 0.244141 0.764858 0.242188 0.764858 0.230469 0.760982 0.224609 0.760982 0.222656 0.758398 0.218750 0.755814 0.218750 0.753230 0.214844
0 0.885013 0.238281 0.883721 0.240234 0.881137 0.240234 0.879845 0.242188 0.878553 0.242188 0.878553 0.244141 0.875969 0.248047 0.875969 0.250000 0.874677 0.251953 0.874677 0.263672 0.875969 0.265625 0.875969 0.267578 0.878553 0.271484 0.878553 0.275391 0.881137 0.279297 0.883721 0.279297 0.886305 0.283203 0.891473 0.283203 0.892765 0.281250 0.897933 0.281250 0.899225 0.279297 0.900517 0.279297 0.901809 0.277344 0.905685 0.277344 0.906977 0.275391 0.908269 0.275391 0.908269 0.271484 0.909561 0.269531 0.909561 0.267578 0.910853 0.265625 0.910853 0.251953 0.909561 0.251953 0.908269 0.250000 0.908269 0.248047 0.904393 0.242188 0.899225 0.242188 0.897933 0.240234 0.894057 0.240234 0.892765 0.238281
0 0.961240 0.093750 0.961240 0.095703 0.956072 0.103516 0.954780 0.103516 0.954780 0.105469 0.953488 0.107422 0.953488 0.115234 0.954780 0.117188 0.954780 0.119141 0.956072 0.121094 0.957364 0.121094 0.961240 0.126953 0.967700 0.126953 0.971576 0.121094 0.972868 0.121094 0.972868 0.105469 0.970284 0.101562 0.970284 0.099609 0.968992 0.099609 0.967700 0.097656 0.967700 0.095703 0.965116 0.095703 0.963824 0.093750
0 0.961240 0.128906 0.959948 0.130859 0.959948 0.132812 0.957364 0.136719 0.957364 0.146484 0.958656 0.146484 0.962532 0.152344 0.962532 0.154297 0.963824 0.156250 0.974160 0.156250 0.974160 0.152344 0.976744 0.148438 0.976744 0.142578 0.978036 0.140625 0.978036 0.136719 0.974160 0.130859 0.974160 0.128906
0 0.768734 0.046875 0.767442 0.048828 0.763566 0.048828 0.762274 0.050781 0.760982 0.050781 0.755814 0.058594 0.754522 0.058594 0.754522 0.074219 0.755814 0.076172 0.755814 0.080078 0.759690 0.085938 0.764858 0.085938 0.766150 0.087891 0.770026 0.087891 0.771318 0.085938 0.773902 0.085938 0.773902 0.083984 0.779070 0.076172 0.779070 0.058594 0.772610 0.048828 0.770026 0.048828
0 0.662791 0.101562 0.661499 0.103516 0.658915 0.103516 0.657623 0.105469 0.656331 0.105469 0.653747 0.109375 0.653747 0.113281 0.651163 0.117188 0.651163 0.130859 0.652455 0.132812 0.652455 0.136719 0.653747 0.138672 0.653747 0.140625 0.655039 0.140625 0.657623 0.144531 0.660207 0.144531 0.661499 0.146484 0.664083 0.146484 0.665375 0.148438 0.666667 0.146484 0.669251 0.146484 0.670543 0.144531 0.671835 0.144531 0.673127 0.142578 0.673127 0.140625 0.674419 0.138672 0.674419 0.136719 0.675711 0.134766 0.675711 0.128906 0.677003 0.126953 0.677003 0.121094 0.675711 0.119141 0.675711 0.117188 0.674419 0.115234 0.674419 0.111328 0.667959 0.101562
0 0.975452 0.000000 0.975452 0.001953 0.978036 0.005859 0.978036 0.007812 0.979328 0.007812 0.980620 0.009766 0.981912 0.009766 0.983204 0.011719 0.990956 0.011719 0.990956 0.009766 0.994832 0.003906 0.996124 0.003906 0.996124 0.000000
0 0.549096 0.041016 0.547804 0.042969 0.546512 0.042969 0.543928 0.046875 0.543928 0.048828 0.542636 0.050781 0.542636 0.060547 0.545220 0.064453 0.545220 0.066406 0.547804 0.066406 0.549096 0.068359 0.550388 0.068359 0.551680 0.070312 0.556848 0.070312 0.558140 0.068359 0.562016 0.068359 0.564599 0.064453 0.565891 0.064453 0.567183 0.062500 0.567183 0.054688 0.564599 0.050781 0.564599 0.046875 0.562016 0.042969 0.558140 0.042969 0.556848 0.041016
0 0.375969 0.082031 0.369509 0.091797 0.369509 0.093750 0.368217 0.095703 0.368217 0.105469 0.369509 0.107422 0.369509 0.109375 0.370801 0.109375 0.372093 0.111328 0.372093 0.113281 0.373385 0.113281 0.374677 0.115234 0.374677 0.117188 0.377261 0.117188 0.378553 0.115234 0.379845 0.115234 0.381137 0.113281 0.382429 0.113281 0.385013 0.109375 0.385013 0.107422 0.386305 0.105469 0.386305 0.093750 0.385013 0.091797 0.385013 0.089844 0.382429 0.085938 0.382429 0.083984 0.381137 0.082031
0 0.387597 0.000000 0.386305 0.001953 0.386305 0.003906 0.385013 0.005859 0.385013 0.007812 0.382429 0.011719 0.382429 0.021484 0.383721 0.023438 0.383721 0.031250 0.386305 0.031250 0.387597 0.033203 0.387597 0.035156 0.390181 0.039062 0.397933 0.039062 0.399225 0.041016 0.400517 0.039062 0.405685 0.039062 0.406977 0.037109 0.408269 0.037109 0.410853 0.033203 0.410853 0.031250 0.414729 0.025391 0.414729 0.021484 0.416021 0.019531 0.416021 0.015625 0.417313 0.013672 0.417313 0.005859 0.416021 0.003906 0.416021 0.001953 0.414729 0.001953 0.413437 0.000000
0 0.208010 0.013672 0.201550 0.023438 0.201550 0.025391 0.198966 0.029297 0.198966 0.054688 0.202842 0.054688 0.204134 0.056641 0.205426 0.056641 0.206718 0.058594 0.210594 0.058594 0.211886 0.056641 0.214470 0.056641 0.215762 0.054688 0.217054 0.054688 0.222222 0.046875 0.222222 0.044922 0.223514 0.042969 0.223514 0.019531 0.222222 0.017578 0.222222 0.015625 0.220930 0.015625 0.219638 0.013672
0 0.264858 0.037109 0.263566 0.039062 0.260982 0.039062 0.259690 0.041016 0.259690 0.042969 0.257106 0.046875 0.257106 0.052734 0.258398 0.054688 0.258398 0.056641 0.262274 0.062500 0.262274 0.066406 0.263566 0.068359 0.264858 0.068359 0.266150 0.070312 0.267442 0.070312 0.268734 0.072266 0.275194 0.072266 0.279070 0.066406 0.279070 0.064453 0.280362 0.062500 0.280362 0.046875 0.276486 0.041016 0.276486 0.039062 0.271318 0.039062 0.270026 0.037109
0 0.317829 0.177734 0.316537 0.179688 0.315245 0.179688 0.313953 0.181641 0.313953 0.183594 0.312661 0.185547 0.312661 0.187500 0.311370 0.189453 0.311370 0.205078 0.312661 0.207031 0.312661 0.208984 0.313953 0.210938 0.313953 0.212891 0.315245 0.214844 0.315245 0.216797 0.316537 0.216797 0.317829 0.218750 0.319121 0.218750 0.320413 0.220703 0.320413 0.222656 0.325581 0.222656 0.326873 0.224609 0.332041 0.224609 0.335917 0.218750 0.337209 0.218750 0.337209 0.216797 0.338501 0.214844 0.338501 0.208984 0.337209 0.207031 0.337209 0.203125 0.335917 0.201172 0.335917 0.199219 0.333333 0.195312 0.333333 0.193359 0.332041 0.191406 0.332041 0.189453 0.326873 0.181641 0.325581 0.181641 0.324289 0.179688 0.322997 0.179688 0.321705 0.177734
0 0.319121 0.335938 0.317829 0.337891 0.315245 0.337891 0.313953 0.339844 0.313953 0.341797 0.308786 0.349609 0.308786 0.353516 0.307494 0.355469 0.307494 0.365234 0.308786 0.367188 0.308786 0.369141 0.310078 0.371094 0.310078 0.373047 0.313953 0.378906 0.320413 0.378906 0.321705 0.376953 0.322997 0.376953 0.325581 0.373047 0.326873 0.373047 0.328165 0.371094 0.329457 0.371094 0.330749 0.369141 0.332041 0.369141 0.335917 0.363281 0.335917 0.359375 0.337209 0.357422 0.337209 0.351562 0.334625 0.347656 0.333333 0.347656 0.330749 0.343750 0.330749 0.341797 0.329457 0.341797 0.328165 0.339844 0.326873 0.339844 0.325581 0.337891 0.320413 0.337891
0 0.382429 0.457031 0.381137 0.458984 0.375969 0.458984 0.374677 0.460938 0.373385 0.460938 0.365633 0.472656 0.365633 0.474609 0.364341 0.476562 0.364341 0.484375 0.365633 0.486328 0.365633 0.490234 0.366925 0.492188 0.366925 0.494141 0.369509 0.498047 0.369509 0.500000 0.370801 0.501953 0.374677 0.501953 0.375969 0.503906 0.383721 0.503906 0.385013 0.501953 0.387597 0.501953 0.388889 0.500000 0.388889 0.498047 0.391473 0.494141 0.391473 0.492188 0.392765 0.490234 0.392765 0.486328 0.394057 0.484375 0.394057 0.472656 0.392765 0.470703 0.392765 0.468750 0.388889 0.462891 0.388889 0.460938 0.387597 0.458984 0.383721 0.458984