0 0.058252 0.111328 0.054369 0.115234 0.048544 0.115234 0.044660 0.119141 0.044660 0.121094 0.042718 0.123047 0.042718 0.138672 0.048544 0.144531 0.064078 0.144531 0.066019 0.142578 0.067961 0.142578 0.071845 0.138672 0.071845 0.136719 0.075728 0.132812 0.075728 0.123047 0.071845 0.119141 0.071845 0.117188 0.069903 0.115234 0.066019 0.115234 0.064078 0.113281 0.062136 0.113281 0.060194 0.111328
0 0.139806 0.044922 0.137864 0.046875 0.133981 0.046875 0.132039 0.048828 0.130097 0.048828 0.128155 0.050781 0.126214 0.050781 0.122330 0.054688 0.122330 0.056641 0.120388 0.058594 0.120388 0.060547 0.118447 0.062500 0.118447 0.064453 0.116505 0.066406 0.116505 0.072266 0.118447 0.074219 0.118447 0.080078 0.120388 0.080078 0.122330 0.082031 0.122330 0.083984 0.126214 0.087891 0.128155 0.087891 0.130097 0.089844 0.143689 0.089844 0.145631 0.087891 0.147573 0.087891 0.157282 0.078125 0.157282 0.056641 0.155340 0.054688 0.153398 0.054688 0.145631 0.046875 0.141748 0.046875
0 0.149515 0.089844 0.147573 0.091797 0.145631 0.091797 0.139806 0.097656 0.139806 0.117188 0.147573 0.125000 0.161165 0.125000 0.163107 0.123047 0.165049 0.123047 0.168932 0.119141 0.168932 0.117188 0.170874 0.115234 0.170874 0.103516 0.168932 0.101562 0.168932 0.099609 0.166990 0.097656 0.166990 0.095703 0.165049 0.095703 0.159223 0.089844
0 0.248544 0.203125 0.246602 0.205078 0.236893 0.205078 0.233010 0.208984 0.233010 0.210938 0.229126 0.214844 0.229126 0.234375 0.231068 0.236328 0.231068 0.238281 0.234951 0.242188 0.236893 0.242188 0.238835 0.244141 0.240777 0.244141 0.242718 0.246094 0.250485 0.246094 0.252427 0.244141 0.254369 0.244141 0.256311 0.242188 0.258252 0.242188 0.260194 0.240234 0.262136 0.240234 0.262136 0.236328 0.264078 0.234375 0.264078 0.232422 0.266019 0.230469 0.266019 0.216797 0.264078 0.214844 0.264078 0.212891 0.262136 0.210938 0.262136 0.207031 0.260194 0.205078 0.250485 0.205078
0 0.374757 0.203125 0.368932 0.208984 0.368932 0.214844 0.370874 0.216797 0.370874 0.218750 0.372816 0.220703 0.372816 0.222656 0.374757 0.224609 0.376699 0.224609 0.378641 0.226562 0.384466 0.226562 0.386408 0.224609 0.388350 0.224609 0.392233 0.220703 0.392233 0.218750 0.394175 0.216797 0.394175 0.210938 0.392233 0.208984 0.392233 0.207031 0.390291 0.207031 0.388350 0.205078 0.386408 0.205078 0.384466 0.203125
0 0.341748 0.292969 0.339806 0.294922 0.337864 0.294922 0.335922 0.296875 0.333981 0.296875 0.333981 0.298828 0.332039 0.300781 0.332039 0.304688 0.330097 0.306641 0.330097 0.310547 0.328155 0.312500 0.328155 0.316406 0.330097 0.318359 0.330097 0.322266 0.333981 0.326172 0.333981 0.328125 0.337864 0.332031 0.359223 0.332031 0.361165 0.330078 0.363107 0.330078 0.366990 0.326172 0.366990 0.324219 0.368932 0.322266 0.368932 0.302734 0.366990 0.302734 0.357282 0.292969
0 0.392233 0.361328 0.390291 0.363281 0.382524 0.363281 0.380583 0.365234 0.380583 0.367188 0.378641 0.369141 0.378641 0.380859 0.380583 0.382812 0.380583 0.384766 0.386408 0.390625 0.392233 0.390625 0.394175 0.388672 0.396117 0.388672 0.401942 0.382812 0.401942 0.380859 0.403883 0.378906 0.403883 0.375000 0.401942 0.373047 0.401942 0.371094 0.398058 0.367188 0.398058 0.365234 0.396117 0.363281 0.394175 0.363281
0 0.081553 0.455078 0.077670 0.458984 0.075728 0.458984 0.073786 0.460938 0.071845 0.460938 0.071845 0.466797 0.069903 0.468750 0.069903 0.480469 0.071845 0.482422 0.071845 0.486328 0.073786 0.488281 0.073786 0.490234 0.079612 0.490234 0.081553 0.492188 0.093204 0.492188 0.095146 0.490234 0.099029 0.490234 0.099029 0.488281 0.100971 0.486328 0.100971 0.484375 0.104854 0.480469 0.104854 0.466797 0.102913 0.464844 0.102913 0.462891 0.095146 0.455078
0 0.083495 0.572266 0.081553 0.574219 0.079612 0.574219 0.075728 0.578125 0.073786 0.578125 0.073786 0.583984 0.071845 0.585938 0.071845 0.589844 0.073786 0.591797 0.073786 0.599609 0.077670 0.603516 0.079612 0.603516 0.081553 0.605469 0.097087 0.605469 0.100971 0.601562 0.100971 0.597656 0.102913 0.595703 0.102913 0.582031 0.100971 0.580078 0.100971 0.578125 0.097087 0.574219 0.095146 0.574219 0.093204 0.572266
0 0.308738 0.867188 0.306796 0.869141 0.304854 0.869141 0.302913 0.871094 0.302913 0.873047 0.300971 0.875000 0.300971 0.886719 0.302913 0.888672 0.304854 0.888672 0.308738 0.892578 0.318447 0.892578 0.320388 0.890625 0.322330 0.890625 0.324272 0.888672 0.326214 0.888672 0.326214 0.884766 0.328155 0.882812 0.328155 0.875000 0.326214 0.873047 0.326214 0.871094 0.322330 0.867188
0 0.650485 0.787109 0.648544 0.789062 0.642718 0.789062 0.642718 0.791016 0.638835 0.794922 0.638835 0.808594 0.640777 0.810547 0.640777 0.812500 0.642718 0.814453 0.642718 0.816406 0.644660 0.818359 0.662136 0.818359 0.666019 0.814453 0.666019 0.812500 0.669903 0.808594 0.669903 0.796875 0.667961 0.794922 0.667961 0.792969 0.666019 0.791016 0.664078 0.791016 0.660194 0.787109
0 0.551456 0.738281 0.549515 0.740234 0.549515 0.742188 0.545631 0.746094 0.543689 0.746094 0.543689 0.750000 0.541748 0.751953 0.541748 0.769531 0.543689 0.769531 0.549515 0.775391 0.551456 0.775391 0.555340 0.779297 0.566990 0.779297 0.568932 0.777344 0.570874 0.777344 0.572816 0.775391 0.574757 0.775391 0.580583 0.769531 0.580583 0.767578 0.584466 0.763672 0.584466 0.750000 0.582524 0.748047 0.582524 0.746094 0.580583 0.746094 0.572816 0.738281
0 0.448544 0.628906 0.446602 0.630859 0.444660 0.630859 0.442718 0.632812 0.440777 0.632812 0.436893 0.636719 0.436893 0.656250 0.438835 0.658203 0.438835 0.660156 0.440777 0.662109 0.440777 0.666016 0.442718 0.667969 0.444660 0.667969 0.446602 0.669922 0.467961 0.669922 0.475728 0.662109 0.475728 0.654297 0.477670 0.652344 0.477670 0.644531 0.475728 0.642578 0.475728 0.636719 0.473786 0.634766 0.471845 0.634766 0.466019 0.628906
0 0.621359 0.613281 0.619417 0.615234 0.617476 0.615234 0.615534 0.617188 0.615534 0.621094 0.613592 0.623047 0.613592 0.628906 0.615534 0.630859 0.615534 0.638672 0.617476 0.640625 0.617476 0.642578 0.619417 0.642578 0.623301 0.646484 0.623301 0.648438 0.625243 0.648438 0.627184 0.650391 0.634951 0.650391 0.636893 0.648438 0.638835 0.648438 0.644660 0.642578 0.644660 0.640625 0.646602 0.638672 0.646602 0.636719 0.650485 0.632812 0.650485 0.623047 0.646602 0.619141 0.646602 0.617188 0.642718 0.613281
0 0.807767 0.689453 0.805825 0.691406 0.803883 0.691406 0.800000 0.695312 0.800000 0.697266 0.798058 0.699219 0.796117 0.699219 0.796117 0.703125 0.794175 0.705078 0.794175 0.708984 0.796117 0.710938 0.796117 0.714844 0.798058 0.716797 0.798058 0.718750 0.801942 0.722656 0.801942 0.724609 0.805825 0.728516 0.821359 0.728516 0.827184 0.722656 0.827184 0.720703 0.829126 0.718750 0.831068 0.718750 0.831068 0.707031 0.833010 0.705078 0.831068 0.703125 0.831068 0.697266 0.825243 0.691406 0.823301 0.691406 0.821359 0.689453
0 0.662136 0.503906 0.658252 0.507812 0.656311 0.507812 0.654369 0.509766 0.654369 0.513672 0.652427 0.515625 0.652427 0.531250 0.654369 0.533203 0.654369 0.535156 0.656311 0.535156 0.660194 0.539062 0.662136 0.539062 0.664078 0.541016 0.679612 0.541016 0.681553 0.539062 0.681553 0.537109 0.685437 0.533203 0.685437 0.513672 0.683495 0.513672 0.681553 0.511719 0.681553 0.507812 0.679612 0.505859 0.677670 0.505859 0.675728 0.503906
0 0.687379 0.443359 0.679612 0.451172 0.679612 0.466797 0.683495 0.470703 0.687379 0.470703 0.691262 0.474609 0.697087 0.474609 0.699029 0.472656 0.700971 0.472656 0.702913 0.470703 0.706796 0.470703 0.706796 0.468750 0.708738 0.466797 0.708738 0.464844 0.710680 0.462891 0.710680 0.453125 0.706796 0.449219 0.706796 0.445312 0.704854 0.445312 0.702913 0.443359
0 0.910680 0.419922 0.902913 0.427734 0.902913 0.429688 0.900971 0.431641 0.900971 0.433594 0.899029 0.435547 0.899029 0.445312 0.900971 0.447266 0.900971 0.449219 0.904854 0.453125 0.904854 0.455078 0.906796 0.455078 0.908738 0.457031 0.924272 0.457031 0.926214 0.455078 0.928155 0.455078 0.932039 0.451172 0.932039 0.449219 0.933981 0.447266 0.933981 0.445312 0.935922 0.443359 0.935922 0.433594 0.933981 0.431641 0.933981 0.427734 0.932039 0.427734 0.926214 0.421875 0.924272 0.421875 0.922330 0.419922
0 0.875728 0.330078 0.873786 0.332031 0.867961 0.332031 0.864078 0.335938 0.862136 0.335938 0.860194 0.337891 0.860194 0.339844 0.856311 0.343750 0.856311 0.345703 0.854369 0.347656 0.854369 0.357422 0.856311 0.359375 0.856311 0.363281 0.860194 0.367188 0.860194 0.369141 0.862136 0.371094 0.866019 0.371094 0.867961 0.373047 0.873786 0.373047 0.875728 0.375000 0.877670 0.375000 0.879612 0.373047 0.881553 0.373047 0.883495 0.371094 0.887379 0.371094 0.891262 0.367188 0.891262 0.365234 0.893204 0.363281 0.893204 0.359375 0.895146 0.357422 0.895146 0.355469 0.897087 0.353516 0.897087 0.349609 0.895146 0.347656 0.895146 0.343750 0.893204 0.341797 0.893204 0.335938 0.891262 0.335938 0.889320 0.333984 0.887379 0.333984 0.885437 0.332031 0.881553 0.332031 0.879612 0.330078
0 0.631068 0.269531 0.627184 0.273438 0.627184 0.277344 0.625243 0.279297 0.625243 0.287109 0.627184 0.289062 0.627184 0.292969 0.629126 0.294922 0.631068 0.294922 0.633010 0.296875 0.646602 0.296875 0.646602 0.294922 0.648544 0.292969 0.650485 0.292969 0.650485 0.291016 0.654369 0.287109 0.654369 0.279297 0.648544 0.273438 0.648544 0.271484 0.646602 0.269531
0 0.980583 0.251953 0.978641 0.253906 0.976699 0.253906 0.976699 0.255859 0.970874 0.261719 0.970874 0.263672 0.968932 0.265625 0.968932 0.277344 0.970874 0.279297 0.970874 0.281250 0.976699 0.287109 0.976699 0.289062 0.980583 0.289062 0.982524 0.291016 0.996117 0.291016 0.996117 0.287109 0.998058 0.285156 0.998058 0.257812 0.994175 0.253906 0.990291 0.253906 0.988350 0.251953
0 0.970874 0.292969 0.968932 0.294922 0.968932 0.296875 0.966990 0.298828 0.966990 0.308594 0.970874 0.312500 0.970874 0.316406 0.972816 0.316406 0.974757 0.318359 0.976699 0.318359 0.978641 0.320312 0.982524 0.320312 0.984466 0.322266 0.986408 0.322266 0.992233 0.316406 0.994175 0.316406 0.994175 0.314453 0.998058 0.310547 0.998058 0.298828 0.996117 0.296875 0.996117 0.292969
0 0.677670 0.070312 0.675728 0.072266 0.673786 0.072266 0.669903 0.076172 0.669903 0.087891 0.671845 0.089844 0.671845 0.091797 0.675728 0.095703 0.687379 0.095703 0.689320 0.093750 0.691262 0.093750 0.693204 0.091797 0.693204 0.089844 0.695146 0.087891 0.695146 0.076172 0.693204 0.076172 0.691262 0.074219 0.691262 0.072266 0.689320 0.070312
0 0.685437 0.017578 0.679612 0.023438 0.677670 0.023438 0.675728 0.025391 0.675728 0.031250 0.673786 0.033203 0.673786 0.041016 0.675728 0.042969 0.675728 0.048828 0.679612 0.052734 0.681553 0.052734 0.683495 0.054688 0.687379 0.054688 0.689320 0.056641 0.697087 0.056641 0.699029 0.054688 0.700971 0.054688 0.702913 0.052734 0.704854 0.052734 0.710680 0.046875 0.710680 0.044922 0.712621 0.042969 0.712621 0.033203 0.710680 0.031250 0.710680 0.027344 0.700971 0.017578