0 0.076072 0.710938 0.074689 0.712891 0.071923 0.712891 0.070539 0.714844 0.069156 0.714844 0.069156 0.716797 0.066390 0.720703 0.066390 0.722656 0.065007 0.724609 0.065007 0.732422 0.063624 0.734375 0.063624 0.736328 0.065007 0.738281 0.065007 0.740234 0.066390 0.742188 0.066390 0.744141 0.067773 0.746094 0.067773 0.748047 0.069156 0.748047 0.070539 0.750000 0.074689 0.750000 0.076072 0.751953 0.082988 0.751953 0.085754 0.748047 0.085754 0.746094 0.087137 0.744141 0.087137 0.724609 0.085754 0.722656 0.085754 0.718750 0.084371 0.716797 0.084371 0.714844 0.082988 0.712891 0.082988 0.710938
0 0.298755 0.628906 0.295989 0.632812 0.294606 0.632812 0.293223 0.634766 0.291840 0.634766 0.290456 0.636719 0.290456 0.638672 0.289073 0.640625 0.290456 0.642578 0.290456 0.654297 0.294606 0.654297 0.295989 0.656250 0.298755 0.656250 0.300138 0.654297 0.304288 0.654297 0.304288 0.646484 0.305671 0.644531 0.305671 0.642578 0.304288 0.640625 0.304288 0.632812 0.302905 0.630859 0.301521 0.630859 0.300138 0.628906
0 0.362379 0.796875 0.358230 0.802734 0.356846 0.802734 0.356846 0.806641 0.355463 0.808594 0.355463 0.810547 0.354080 0.812500 0.355463 0.814453 0.355463 0.816406 0.356846 0.818359 0.356846 0.824219 0.362379 0.832031 0.372061 0.832031 0.373444 0.830078 0.374827 0.830078 0.376210 0.828125 0.376210 0.824219 0.377593 0.822266 0.377593 0.816406 0.378976 0.814453 0.378976 0.810547 0.377593 0.808594 0.377593 0.804688 0.376210 0.802734 0.376210 0.800781 0.374827 0.800781 0.372061 0.796875
0 0.466113 0.630859 0.464730 0.632812 0.464730 0.636719 0.463347 0.638672 0.463347 0.640625 0.461964 0.642578 0.461964 0.656250 0.463347 0.658203 0.463347 0.660156 0.464730 0.662109 0.464730 0.664062 0.467497 0.664062 0.468880 0.666016 0.473029 0.666016 0.474412 0.664062 0.475795 0.664062 0.477178 0.662109 0.478562 0.662109 0.479945 0.660156 0.479945 0.652344 0.481328 0.650391 0.481328 0.642578 0.477178 0.636719 0.477178 0.634766 0.475795 0.632812 0.475795 0.630859
0 0.557400 0.634766 0.551867 0.642578 0.551867 0.650391 0.550484 0.652344 0.550484 0.658203 0.551867 0.660156 0.551867 0.667969 0.553250 0.669922 0.553250 0.673828 0.554633 0.675781 0.554633 0.677734 0.556017 0.679688 0.557400 0.679688 0.560166 0.683594 0.562932 0.683594 0.564315 0.685547 0.565698 0.685547 0.567082 0.683594 0.573997 0.683594 0.575380 0.681641 0.576763 0.681641 0.576763 0.675781 0.578147 0.673828 0.578147 0.669922 0.579530 0.667969 0.579530 0.666016 0.580913 0.664062 0.580913 0.660156 0.579530 0.658203 0.579530 0.654297 0.578147 0.652344 0.578147 0.648438 0.576763 0.646484 0.576763 0.642578 0.573997 0.638672 0.572614 0.638672 0.571231 0.636719 0.568465 0.636719 0.567082 0.634766
0 0.603043 0.472656 0.601660 0.474609 0.600277 0.474609 0.598893 0.476562 0.597510 0.476562 0.596127 0.478516 0.594744 0.478516 0.593361 0.480469 0.591978 0.480469 0.591978 0.482422 0.590595 0.484375 0.590595 0.486328 0.589212 0.488281 0.589212 0.505859 0.590595 0.505859 0.594744 0.511719 0.594744 0.513672 0.596127 0.515625 0.604426 0.515625 0.605809 0.513672 0.608575 0.513672 0.609959 0.511719 0.609959 0.507812 0.612725 0.503906 0.612725 0.501953 0.614108 0.500000 0.614108 0.498047 0.612725 0.496094 0.612725 0.488281 0.611342 0.486328 0.611342 0.482422 0.609959 0.480469 0.609959 0.478516 0.607192 0.474609 0.605809 0.474609 0.604426 0.472656
0 0.504841 0.388672 0.504841 0.390625 0.503458 0.392578 0.503458 0.396484 0.502075 0.398438 0.502075 0.400391 0.500692 0.402344 0.500692 0.416016 0.502075 0.417969 0.502075 0.419922 0.503458 0.421875 0.503458 0.423828 0.504841 0.425781 0.506224 0.425781 0.507607 0.427734 0.510373 0.427734 0.511757 0.425781 0.517289 0.425781 0.517289 0.419922 0.518672 0.417969 0.518672 0.414062 0.520055 0.412109 0.520055 0.410156 0.518672 0.408203 0.518672 0.398438 0.517289 0.396484 0.517289 0.392578 0.515906 0.390625 0.514523 0.390625 0.513140 0.388672
0 0.365145 0.318359 0.362379 0.322266 0.362379 0.324219 0.359613 0.328125 0.359613 0.335938 0.358230 0.337891 0.359613 0.339844 0.359613 0.347656 0.360996 0.349609 0.360996 0.351562 0.365145 0.357422 0.365145 0.361328 0.367911 0.365234 0.370678 0.365234 0.372061 0.367188 0.372061 0.369141 0.373444 0.367188 0.374827 0.367188 0.376210 0.365234 0.378976 0.365234 0.378976 0.361328 0.380360 0.359375 0.380360 0.357422 0.383126 0.353516 0.383126 0.343750 0.384509 0.341797 0.384509 0.337891 0.383126 0.335938 0.383126 0.333984 0.381743 0.332031 0.381743 0.330078 0.378976 0.326172 0.378976 0.322266 0.376210 0.318359
0 0.515906 0.023438 0.514523 0.025391 0.514523 0.027344 0.511757 0.031250 0.511757 0.035156 0.510373 0.037109 0.510373 0.054688 0.511757 0.056641 0.511757 0.060547 0.515906 0.066406 0.515906 0.068359 0.525588 0.068359 0.525588 0.066406 0.528354 0.062500 0.528354 0.056641 0.529737 0.054688 0.529737 0.041016 0.531120 0.039062 0.528354 0.035156 0.528354 0.029297 0.525588 0.025391 0.522822 0.025391 0.521438 0.023438
0 0.524205 0.140625 0.520055 0.146484 0.518672 0.146484 0.518672 0.154297 0.517289 0.156250 0.517289 0.160156 0.515906 0.162109 0.517289 0.164062 0.517289 0.167969 0.518672 0.169922 0.518672 0.173828 0.520055 0.173828 0.521438 0.175781 0.522822 0.175781 0.524205 0.177734 0.529737 0.177734 0.531120 0.175781 0.532503 0.175781 0.533887 0.173828 0.535270 0.173828 0.536653 0.171875 0.536653 0.152344 0.535270 0.150391 0.535270 0.146484 0.533887 0.146484 0.531120 0.142578 0.528354 0.142578 0.526971 0.140625
0 0.780083 0.150391 0.775934 0.156250 0.775934 0.162109 0.774550 0.164062 0.774550 0.166016 0.773167 0.167969 0.774550 0.169922 0.774550 0.177734 0.775934 0.179688 0.775934 0.187500 0.778700 0.191406 0.778700 0.193359 0.780083 0.195312 0.789765 0.195312 0.789765 0.193359 0.791148 0.191406 0.791148 0.189453 0.793914 0.185547 0.793914 0.160156 0.792531 0.158203 0.792531 0.156250 0.788382 0.150391
0 0.720609 0.330078 0.719225 0.332031 0.719225 0.333984 0.717842 0.335938 0.717842 0.337891 0.716459 0.339844 0.716459 0.341797 0.715076 0.343750 0.715076 0.347656 0.713693 0.349609 0.713693 0.351562 0.715076 0.353516 0.715076 0.357422 0.716459 0.359375 0.716459 0.361328 0.717842 0.363281 0.717842 0.365234 0.720609 0.369141 0.721992 0.369141 0.724758 0.373047 0.724758 0.375000 0.727524 0.375000 0.728907 0.373047 0.733057 0.373047 0.739972 0.363281 0.741355 0.363281 0.741355 0.345703 0.738589 0.341797 0.738589 0.339844 0.737206 0.337891 0.737206 0.335938 0.734440 0.332031 0.734440 0.330078
0 0.843707 0.462891 0.842324 0.464844 0.840941 0.464844 0.836791 0.470703 0.836791 0.472656 0.834025 0.476562 0.834025 0.498047 0.835408 0.500000 0.835408 0.501953 0.836791 0.503906 0.836791 0.509766 0.840941 0.515625 0.842324 0.515625 0.843707 0.517578 0.845090 0.517578 0.846473 0.519531 0.847856 0.517578 0.858921 0.517578 0.858921 0.513672 0.860304 0.511719 0.860304 0.507812 0.861687 0.505859 0.861687 0.501953 0.863071 0.500000 0.863071 0.476562 0.861687 0.474609 0.860304 0.474609 0.858921 0.472656 0.858921 0.470703 0.856155 0.466797 0.856155 0.464844 0.852006 0.464844 0.850622 0.462891