0 0.121094 0.085938 0.119141 0.087891 0.117188 0.087891 0.117188 0.091797 0.115234 0.093750 0.115234 0.105469 0.121094 0.111328 0.125000 0.111328 0.126953 0.113281 0.128906 0.111328 0.134766 0.111328 0.136719 0.109375 0.136719 0.107422 0.138672 0.105469 0.138672 0.103516 0.140625 0.101562 0.140625 0.091797 0.138672 0.089844 0.138672 0.087891 0.134766 0.087891 0.132812 0.085938
0 0.082031 0.134766 0.080078 0.136719 0.078125 0.136719 0.076172 0.138672 0.076172 0.142578 0.074219 0.144531 0.074219 0.154297 0.083984 0.164062 0.087891 0.164062 0.091797 0.160156 0.095703 0.160156 0.101562 0.154297 0.103516 0.154297 0.103516 0.146484 0.105469 0.144531 0.103516 0.142578 0.103516 0.138672 0.101562 0.136719 0.099609 0.136719 0.097656 0.134766
0 0.101562 0.156250 0.095703 0.162109 0.091797 0.162109 0.089844 0.164062 0.089844 0.169922 0.097656 0.177734 0.099609 0.177734 0.101562 0.175781 0.103516 0.175781 0.105469 0.173828 0.107422 0.173828 0.109375 0.171875 0.109375 0.162109 0.107422 0.160156 0.107422 0.158203 0.105469 0.158203 0.103516 0.156250
0 0.179688 0.255859 0.177734 0.257812 0.177734 0.259766 0.175781 0.261719 0.175781 0.265625 0.173828 0.267578 0.173828 0.275391 0.175781 0.277344 0.175781 0.279297 0.179688 0.283203 0.185547 0.283203 0.187500 0.285156 0.193359 0.285156 0.195312 0.283203 0.199219 0.283203 0.199219 0.281250 0.201172 0.279297 0.201172 0.261719 0.199219 0.261719 0.197266 0.259766 0.193359 0.259766 0.189453 0.255859
0 0.224609 0.347656 0.220703 0.351562 0.218750 0.351562 0.214844 0.355469 0.214844 0.371094 0.216797 0.373047 0.218750 0.373047 0.220703 0.375000 0.222656 0.375000 0.224609 0.376953 0.226562 0.376953 0.228516 0.375000 0.232422 0.375000 0.234375 0.373047 0.238281 0.373047 0.240234 0.371094 0.242188 0.371094 0.242188 0.369141 0.244141 0.367188 0.244141 0.355469 0.236328 0.347656
0 0.062500 0.611328 0.060547 0.613281 0.056641 0.613281 0.054688 0.615234 0.052734 0.615234 0.050781 0.617188 0.050781 0.630859 0.056641 0.636719 0.058594 0.636719 0.060547 0.638672 0.060547 0.640625 0.064453 0.640625 0.066406 0.638672 0.068359 0.638672 0.070312 0.636719 0.072266 0.636719 0.072266 0.634766 0.074219 0.632812 0.076172 0.632812 0.078125 0.630859 0.078125 0.621094 0.072266 0.615234 0.070312 0.615234 0.066406 0.611328
0 0.156250 0.458984 0.154297 0.460938 0.154297 0.462891 0.150391 0.466797 0.150391 0.468750 0.148438 0.470703 0.150391 0.470703 0.152344 0.468750 0.154297 0.470703 0.158203 0.470703 0.162109 0.474609 0.167969 0.468750 0.175781 0.468750 0.173828 0.466797 0.173828 0.464844 0.169922 0.460938 0.167969 0.460938 0.166016 0.458984
0 0.146484 0.472656 0.140625 0.478516 0.140625 0.482422 0.138672 0.484375 0.138672 0.488281 0.140625 0.490234 0.140625 0.492188 0.142578 0.492188 0.144531 0.494141 0.158203 0.494141 0.160156 0.492188 0.160156 0.474609 0.158203 0.472656
0 0.166016 0.472656 0.164062 0.474609 0.164062 0.488281 0.162109 0.490234 0.162109 0.492188 0.166016 0.496094 0.179688 0.496094 0.181641 0.494141 0.183594 0.494141 0.185547 0.492188 0.185547 0.484375 0.187500 0.482422 0.187500 0.480469 0.185547 0.478516 0.185547 0.472656
0 0.181641 0.496094 0.179688 0.498047 0.164062 0.498047 0.164062 0.503906 0.166016 0.505859 0.164062 0.507812 0.166016 0.509766 0.175781 0.509766 0.177734 0.507812 0.181641 0.507812 0.181641 0.505859 0.183594 0.503906 0.183594 0.501953 0.185547 0.500000 0.185547 0.498047 0.183594 0.496094
0 0.138672 0.496094 0.136719 0.498047 0.136719 0.501953 0.134766 0.503906 0.134766 0.509766 0.136719 0.511719 0.136719 0.515625 0.154297 0.515625 0.156250 0.517578 0.158203 0.515625 0.160156 0.515625 0.160156 0.513672 0.162109 0.511719 0.162109 0.498047 0.160156 0.498047 0.158203 0.496094
0 0.138672 0.517578 0.130859 0.525391 0.134766 0.529297 0.130859 0.533203 0.130859 0.535156 0.132812 0.535156 0.140625 0.542969 0.142578 0.542969 0.144531 0.544922 0.154297 0.544922 0.160156 0.539062 0.160156 0.537109 0.162109 0.535156 0.162109 0.521484 0.160156 0.519531 0.154297 0.519531 0.152344 0.517578
0 0.115234 0.716797 0.113281 0.718750 0.111328 0.718750 0.109375 0.720703 0.107422 0.720703 0.103516 0.724609 0.103516 0.726562 0.101562 0.728516 0.103516 0.730469 0.103516 0.734375 0.101562 0.736328 0.103516 0.738281 0.103516 0.740234 0.105469 0.742188 0.105469 0.744141 0.107422 0.744141 0.113281 0.750000 0.115234 0.750000 0.117188 0.748047 0.123047 0.748047 0.125000 0.746094 0.126953 0.746094 0.128906 0.744141 0.130859 0.744141 0.130859 0.738281 0.132812 0.736328 0.132812 0.726562 0.130859 0.724609 0.130859 0.722656 0.128906 0.720703 0.126953 0.720703 0.125000 0.718750 0.123047 0.718750 0.121094 0.716797
0 0.218750 0.787109 0.210938 0.794922 0.210938 0.812500 0.216797 0.818359 0.218750 0.818359 0.220703 0.820312 0.230469 0.820312 0.240234 0.810547 0.240234 0.794922 0.234375 0.789062 0.232422 0.789062 0.230469 0.787109
0 0.060547 0.968750 0.058594 0.970703 0.056641 0.970703 0.056641 0.976562 0.054688 0.978516 0.056641 0.980469 0.056641 0.984375 0.058594 0.984375 0.060547 0.986328 0.072266 0.986328 0.074219 0.984375 0.076172 0.984375 0.076172 0.970703 0.074219 0.968750
0 0.240234 0.986328 0.238281 0.988281 0.236328 0.988281 0.236328 0.992188 0.234375 0.994141 0.234375 0.998047 0.261719 0.998047 0.259766 0.996094 0.259766 0.994141 0.257812 0.992188 0.257812 0.990234 0.253906 0.986328
0 0.246094 0.949219 0.244141 0.951172 0.242188 0.951172 0.238281 0.955078 0.238281 0.964844 0.242188 0.968750 0.244141 0.968750 0.246094 0.970703 0.250000 0.970703 0.251953 0.968750 0.255859 0.968750 0.255859 0.966797 0.257812 0.964844 0.257812 0.953125 0.255859 0.953125 0.253906 0.951172 0.251953 0.951172 0.250000 0.949219
0 0.289062 0.925781 0.287109 0.927734 0.285156 0.927734 0.279297 0.933594 0.279297 0.939453 0.277344 0.941406 0.277344 0.949219 0.279297 0.951172 0.279297 0.955078 0.281250 0.955078 0.285156 0.958984 0.298828 0.958984 0.300781 0.957031 0.302734 0.957031 0.302734 0.955078 0.306641 0.951172 0.306641 0.949219 0.308594 0.947266 0.308594 0.941406 0.306641 0.939453 0.306641 0.935547 0.298828 0.927734 0.296875 0.927734 0.294922 0.925781
0 0.375000 0.875000 0.373047 0.876953 0.371094 0.876953 0.369141 0.878906 0.367188 0.878906 0.367188 0.882812 0.365234 0.884766 0.365234 0.886719 0.363281 0.888672 0.363281 0.890625 0.365234 0.892578 0.365234 0.894531 0.367188 0.896484 0.367188 0.898438 0.369141 0.898438 0.371094 0.900391 0.375000 0.900391 0.376953 0.902344 0.384766 0.902344 0.390625 0.896484 0.390625 0.894531 0.394531 0.890625 0.394531 0.882812 0.392578 0.880859 0.390625 0.880859 0.388672 0.878906 0.384766 0.878906 0.382812 0.876953 0.378906 0.876953 0.376953 0.875000
0 0.279297 0.763672 0.277344 0.765625 0.275391 0.765625 0.271484 0.769531 0.269531 0.769531 0.269531 0.783203 0.271484 0.785156 0.271484 0.787109 0.277344 0.792969 0.289062 0.792969 0.291016 0.791016 0.296875 0.791016 0.300781 0.787109 0.300781 0.781250 0.302734 0.779297 0.300781 0.777344 0.300781 0.769531 0.298828 0.769531 0.296875 0.767578 0.294922 0.767578 0.292969 0.765625 0.289062 0.765625 0.287109 0.763672
0 0.281250 0.730469 0.277344 0.734375 0.275391 0.734375 0.275391 0.736328 0.273438 0.738281 0.273438 0.742188 0.271484 0.744141 0.271484 0.746094 0.273438 0.748047 0.273438 0.750000 0.277344 0.753906 0.281250 0.753906 0.285156 0.757812 0.287109 0.757812 0.289062 0.755859 0.291016 0.755859 0.294922 0.751953 0.294922 0.750000 0.296875 0.748047 0.296875 0.746094 0.294922 0.744141 0.294922 0.742188 0.292969 0.740234 0.292969 0.738281 0.289062 0.734375 0.285156 0.734375 0.283203 0.732422 0.283203 0.730469
0 0.242188 0.695312 0.240234 0.697266 0.240234 0.699219 0.238281 0.701172 0.238281 0.703125 0.236328 0.705078 0.236328 0.707031 0.234375 0.708984 0.236328 0.710938 0.236328 0.712891 0.240234 0.716797 0.240234 0.718750 0.244141 0.722656 0.255859 0.722656 0.257812 0.720703 0.257812 0.718750 0.261719 0.714844 0.261719 0.712891 0.263672 0.710938 0.263672 0.708984 0.265625 0.707031 0.265625 0.705078 0.261719 0.701172 0.261719 0.699219 0.259766 0.697266 0.259766 0.695312
0 0.271484 0.705078 0.269531 0.707031 0.267578 0.707031 0.265625 0.708984 0.265625 0.710938 0.263672 0.712891 0.263672 0.714844 0.259766 0.718750 0.259766 0.720703 0.257812 0.722656 0.259766 0.722656 0.261719 0.724609 0.261719 0.726562 0.263672 0.726562 0.265625 0.728516 0.267578 0.728516 0.269531 0.730469 0.271484 0.728516 0.275391 0.728516 0.281250 0.722656 0.281250 0.712891 0.279297 0.710938 0.277344 0.710938 0.275391 0.708984 0.275391 0.707031 0.273438 0.705078
0 0.136719 0.617188 0.132812 0.621094 0.132812 0.623047 0.130859 0.625000 0.130859 0.628906 0.132812 0.630859 0.132812 0.632812 0.136719 0.636719 0.146484 0.636719 0.148438 0.634766 0.148438 0.632812 0.150391 0.630859 0.150391 0.623047 0.148438 0.623047 0.142578 0.617188
0 0.146484 0.595703 0.144531 0.597656 0.144531 0.599609 0.140625 0.603516 0.140625 0.613281 0.148438 0.621094 0.150391 0.621094 0.152344 0.623047 0.158203 0.623047 0.164062 0.617188 0.164062 0.615234 0.166016 0.613281 0.166016 0.605469 0.164062 0.603516 0.164062 0.601562 0.160156 0.597656 0.158203 0.597656 0.156250 0.595703
0 0.308594 0.613281 0.302734 0.619141 0.302734 0.621094 0.300781 0.623047 0.300781 0.632812 0.302734 0.634766 0.304688 0.634766 0.308594 0.638672 0.316406 0.638672 0.318359 0.636719 0.320312 0.636719 0.322266 0.634766 0.324219 0.634766 0.324219 0.632812 0.326172 0.630859 0.326172 0.623047 0.322266 0.619141 0.322266 0.617188 0.320312 0.615234 0.314453 0.615234 0.312500 0.613281
0 0.335938 0.544922 0.330078 0.550781 0.330078 0.552734 0.328125 0.554688 0.328125 0.556641 0.326172 0.558594 0.326172 0.562500 0.330078 0.566406 0.330078 0.568359 0.332031 0.570312 0.333984 0.570312 0.337891 0.574219 0.347656 0.574219 0.353516 0.568359 0.353516 0.566406 0.355469 0.564453 0.355469 0.560547 0.357422 0.558594 0.355469 0.556641 0.355469 0.554688 0.353516 0.554688 0.351562 0.552734 0.349609 0.552734 0.341797 0.544922
0 0.345703 0.531250 0.345703 0.535156 0.343750 0.537109 0.343750 0.542969 0.345703 0.544922 0.345703 0.546875 0.349609 0.550781 0.353516 0.550781 0.355469 0.552734 0.357422 0.550781 0.359375 0.550781 0.361328 0.548828 0.361328 0.542969 0.359375 0.541016 0.359375 0.537109 0.357422 0.535156 0.357422 0.533203 0.349609 0.533203 0.347656 0.531250
0 0.349609 0.513672 0.349609 0.515625 0.345703 0.519531 0.345703 0.527344 0.349609 0.531250 0.355469 0.531250 0.357422 0.529297 0.359375 0.529297 0.361328 0.527344 0.361328 0.515625 0.359375 0.513672
0 0.373047 0.523438 0.371094 0.525391 0.367188 0.525391 0.365234 0.527344 0.365234 0.531250 0.363281 0.533203 0.363281 0.535156 0.361328 0.537109 0.361328 0.539062 0.363281 0.541016 0.363281 0.546875 0.371094 0.554688 0.378906 0.554688 0.380859 0.552734 0.382812 0.552734 0.384766 0.550781 0.386719 0.550781 0.386719 0.548828 0.388672 0.546875 0.390625 0.546875 0.390625 0.541016 0.392578 0.539062 0.380859 0.527344 0.378906 0.527344 0.376953 0.525391 0.376953 0.523438
0 0.388672 0.515625 0.386719 0.517578 0.382812 0.517578 0.380859 0.519531 0.380859 0.521484 0.378906 0.523438 0.392578 0.537109 0.394531 0.537109 0.396484 0.535156 0.396484 0.531250 0.400391 0.527344 0.400391 0.519531 0.398438 0.517578 0.394531 0.517578 0.392578 0.515625
0 0.503906 0.658203 0.501953 0.660156 0.500000 0.660156 0.498047 0.662109 0.496094 0.662109 0.494141 0.664062 0.492188 0.664062 0.490234 0.666016 0.490234 0.679688 0.492188 0.681641 0.492188 0.683594 0.494141 0.685547 0.496094 0.685547 0.498047 0.687500 0.507812 0.687500 0.509766 0.685547 0.513672 0.685547 0.517578 0.681641 0.517578 0.677734 0.519531 0.675781 0.519531 0.673828 0.517578 0.671875 0.517578 0.664062 0.513672 0.660156 0.511719 0.660156 0.509766 0.658203
0 0.609375 0.851562 0.607422 0.853516 0.605469 0.853516 0.601562 0.857422 0.599609 0.857422 0.595703 0.861328 0.595703 0.875000 0.597656 0.875000 0.605469 0.882812 0.607422 0.882812 0.609375 0.884766 0.613281 0.884766 0.615234 0.882812 0.621094 0.882812 0.623047 0.880859 0.623047 0.878906 0.626953 0.875000 0.626953 0.873047 0.628906 0.871094 0.626953 0.869141 0.626953 0.865234 0.625000 0.863281 0.625000 0.859375 0.619141 0.853516 0.617188 0.853516 0.615234 0.851562
0 0.591797 0.640625 0.589844 0.642578 0.587891 0.642578 0.585938 0.644531 0.583984 0.644531 0.582031 0.646484 0.582031 0.648438 0.580078 0.650391 0.580078 0.658203 0.582031 0.660156 0.582031 0.666016 0.583984 0.666016 0.585938 0.667969 0.599609 0.667969 0.601562 0.666016 0.601562 0.664062 0.605469 0.660156 0.605469 0.658203 0.609375 0.654297 0.609375 0.646484 0.605469 0.642578 0.605469 0.640625
0 0.644531 0.763672 0.640625 0.767578 0.640625 0.769531 0.638672 0.771484 0.638672 0.773438 0.636719 0.775391 0.636719 0.783203 0.638672 0.783203 0.644531 0.789062 0.650391 0.789062 0.652344 0.787109 0.656250 0.787109 0.660156 0.783203 0.660156 0.781250 0.662109 0.779297 0.662109 0.777344 0.664062 0.775391 0.664062 0.767578 0.662109 0.765625 0.658203 0.765625 0.656250 0.763672
0 0.646484 0.791016 0.644531 0.792969 0.644531 0.796875 0.642578 0.798828 0.642578 0.800781 0.640625 0.802734 0.642578 0.804688 0.642578 0.810547 0.644531 0.812500 0.644531 0.814453 0.648438 0.818359 0.652344 0.818359 0.654297 0.820312 0.662109 0.820312 0.664062 0.818359 0.666016 0.818359 0.673828 0.810547 0.673828 0.800781 0.671875 0.798828 0.671875 0.796875 0.669922 0.796875 0.664062 0.791016
0 0.669922 0.775391 0.667969 0.777344 0.664062 0.777344 0.664062 0.779297 0.662109 0.781250 0.662109 0.787109 0.669922 0.794922 0.677734 0.794922 0.677734 0.791016 0.679688 0.789062 0.679688 0.783203 0.677734 0.781250 0.677734 0.779297 0.675781 0.777344 0.673828 0.777344 0.671875 0.775391
0 0.656250 0.730469 0.654297 0.732422 0.652344 0.732422 0.652344 0.734375 0.650391 0.736328 0.650391 0.738281 0.648438 0.740234 0.648438 0.746094 0.652344 0.750000 0.652344 0.751953 0.654297 0.751953 0.656250 0.753906 0.666016 0.753906 0.671875 0.748047 0.671875 0.742188 0.669922 0.740234 0.666016 0.740234 0.664062 0.738281 0.664062 0.736328 0.658203 0.730469
0 0.667969 0.712891 0.664062 0.716797 0.664062 0.718750 0.662109 0.720703 0.662109 0.724609 0.660156 0.726562 0.660156 0.730469 0.666016 0.736328 0.666016 0.738281 0.669922 0.738281 0.671875 0.740234 0.679688 0.740234 0.681641 0.738281 0.683594 0.738281 0.683594 0.736328 0.685547 0.734375 0.687500 0.734375 0.687500 0.732422 0.689453 0.730469 0.689453 0.718750 0.683594 0.712891
0 0.656250 0.972656 0.650391 0.978516 0.650391 0.994141 0.654297 0.998047 0.673828 0.998047 0.675781 0.996094 0.675781 0.994141 0.677734 0.992188 0.677734 0.980469 0.671875 0.974609 0.669922 0.974609 0.667969 0.972656
0 0.810547 0.808594 0.806641 0.812500 0.806641 0.814453 0.804688 0.816406 0.804688 0.826172 0.806641 0.826172 0.812500 0.832031 0.822266 0.832031 0.832031 0.822266 0.832031 0.820312 0.833984 0.818359 0.824219 0.808594
0 0.917969 0.832031 0.914062 0.835938 0.914062 0.847656 0.916016 0.847656 0.917969 0.849609 0.917969 0.851562 0.919922 0.853516 0.923828 0.853516 0.925781 0.855469 0.927734 0.853516 0.929688 0.853516 0.931641 0.851562 0.933594 0.851562 0.937500 0.847656 0.937500 0.845703 0.939453 0.843750 0.939453 0.841797 0.933594 0.835938 0.929688 0.835938 0.927734 0.833984 0.927734 0.832031
0 0.935547 0.814453 0.933594 0.816406 0.933594 0.818359 0.929688 0.822266 0.929688 0.826172 0.927734 0.828125 0.927734 0.830078 0.929688 0.832031 0.931641 0.832031 0.937500 0.837891 0.939453 0.837891 0.941406 0.839844 0.943359 0.839844 0.949219 0.833984 0.951172 0.833984 0.951172 0.830078 0.953125 0.828125 0.953125 0.824219 0.951172 0.822266 0.951172 0.820312 0.949219 0.818359 0.945312 0.818359 0.943359 0.816406 0.937500 0.816406
0 0.910156 0.765625 0.908203 0.767578 0.904297 0.767578 0.902344 0.769531 0.902344 0.771484 0.898438 0.775391 0.896484 0.775391 0.896484 0.783203 0.900391 0.787109 0.900391 0.789062 0.902344 0.791016 0.902344 0.792969 0.904297 0.792969 0.906250 0.794922 0.917969 0.794922 0.919922 0.792969 0.921875 0.792969 0.921875 0.789062 0.925781 0.785156 0.925781 0.779297 0.923828 0.777344 0.923828 0.773438 0.921875 0.771484 0.921875 0.769531 0.919922 0.767578 0.916016 0.767578 0.914062 0.765625
0 0.892578 0.736328 0.888672 0.740234 0.888672 0.744141 0.886719 0.746094 0.886719 0.748047 0.888672 0.750000 0.888672 0.755859 0.892578 0.759766 0.894531 0.759766 0.898438 0.763672 0.902344 0.763672 0.906250 0.759766 0.908203 0.759766 0.908203 0.757812 0.912109 0.753906 0.912109 0.751953 0.914062 0.750000 0.912109 0.748047 0.912109 0.746094 0.910156 0.744141 0.910156 0.742188 0.908203 0.740234 0.908203 0.738281 0.906250 0.736328
0 0.837891 0.634766 0.832031 0.640625 0.828125 0.640625 0.828125 0.642578 0.826172 0.644531 0.826172 0.654297 0.828125 0.656250 0.828125 0.658203 0.835938 0.666016 0.837891 0.666016 0.839844 0.667969 0.845703 0.667969 0.847656 0.666016 0.849609 0.666016 0.849609 0.664062 0.859375 0.654297 0.859375 0.650391 0.857422 0.648438 0.857422 0.646484 0.855469 0.644531 0.855469 0.640625 0.853516 0.640625 0.851562 0.638672 0.849609 0.638672 0.845703 0.634766
0 0.867188 0.654297 0.865234 0.656250 0.859375 0.656250 0.851562 0.664062 0.851562 0.667969 0.855469 0.671875 0.857422 0.671875 0.859375 0.673828 0.861328 0.671875 0.863281 0.671875 0.865234 0.669922 0.867188 0.669922 0.869141 0.667969 0.869141 0.666016 0.871094 0.664062 0.871094 0.656250 0.869141 0.654297
0 0.720703 0.552734 0.718750 0.554688 0.716797 0.554688 0.716797 0.556641 0.712891 0.560547 0.712891 0.562500 0.710938 0.564453 0.710938 0.566406 0.712891 0.568359 0.712891 0.572266 0.716797 0.576172 0.716797 0.578125 0.718750 0.580078 0.724609 0.580078 0.726562 0.582031 0.736328 0.582031 0.736328 0.580078 0.738281 0.578125 0.738281 0.576172 0.740234 0.574219 0.740234 0.572266 0.742188 0.570312 0.742188 0.564453 0.740234 0.562500 0.740234 0.560547 0.734375 0.554688 0.732422 0.554688 0.730469 0.552734
0 0.689453 0.511719 0.687500 0.513672 0.685547 0.513672 0.683594 0.515625 0.683594 0.517578 0.681641 0.519531 0.681641 0.525391 0.683594 0.527344 0.683594 0.529297 0.685547 0.531250 0.693359 0.531250 0.693359 0.529297 0.697266 0.525391 0.697266 0.511719
0 0.939453 0.451172 0.937500 0.453125 0.935547 0.453125 0.933594 0.455078 0.931641 0.455078 0.931641 0.457031 0.929688 0.458984 0.929688 0.472656 0.933594 0.476562 0.935547 0.476562 0.937500 0.478516 0.949219 0.478516 0.951172 0.476562 0.953125 0.476562 0.957031 0.472656 0.957031 0.457031 0.955078 0.455078 0.953125 0.455078 0.949219 0.451172
0 0.761719 0.386719 0.755859 0.392578 0.755859 0.406250 0.757812 0.406250 0.763672 0.412109 0.767578 0.412109 0.769531 0.414062 0.775391 0.414062 0.777344 0.412109 0.779297 0.412109 0.779297 0.410156 0.781250 0.408203 0.781250 0.406250 0.783203 0.404297 0.783203 0.394531 0.781250 0.392578 0.781250 0.390625 0.777344 0.386719
0 0.707031 0.369141 0.703125 0.373047 0.703125 0.384766 0.705078 0.386719 0.705078 0.388672 0.720703 0.388672 0.724609 0.384766 0.724609 0.373047 0.720703 0.369141
0 0.599609 0.400391 0.599609 0.402344 0.597656 0.404297 0.595703 0.404297 0.591797 0.408203 0.591797 0.410156 0.589844 0.412109 0.589844 0.416016 0.591797 0.417969 0.591797 0.419922 0.593750 0.421875 0.593750 0.423828 0.599609 0.429688 0.601562 0.429688 0.603516 0.431641 0.607422 0.431641 0.609375 0.429688 0.611328 0.429688 0.613281 0.427734 0.613281 0.425781 0.615234 0.423828 0.617188 0.423828 0.617188 0.421875 0.619141 0.419922 0.619141 0.408203 0.615234 0.404297 0.613281 0.404297 0.609375 0.400391
0 0.902344 0.355469 0.898438 0.359375 0.896484 0.359375 0.890625 0.365234 0.890625 0.371094 0.888672 0.373047 0.888672 0.376953 0.890625 0.378906 0.890625 0.380859 0.892578 0.382812 0.896484 0.382812 0.898438 0.384766 0.908203 0.384766 0.910156 0.382812 0.912109 0.382812 0.912109 0.380859 0.916016 0.376953 0.916016 0.373047 0.917969 0.371094 0.917969 0.367188 0.914062 0.363281 0.914062 0.361328 0.912109 0.359375 0.910156 0.359375 0.908203 0.357422 0.904297 0.357422
0 0.886719 0.335938 0.884766 0.337891 0.882812 0.337891 0.880859 0.339844 0.880859 0.341797 0.876953 0.345703 0.876953 0.353516 0.880859 0.357422 0.880859 0.359375 0.882812 0.361328 0.884766 0.361328 0.886719 0.363281 0.890625 0.363281 0.896484 0.357422 0.898438 0.357422 0.900391 0.355469 0.900391 0.339844 0.898438 0.339844 0.896484 0.337891 0.894531 0.337891 0.892578 0.335938
0 0.884766 0.312500 0.882812 0.314453 0.880859 0.314453 0.876953 0.318359 0.876953 0.330078 0.878906 0.330078 0.882812 0.333984 0.892578 0.333984 0.894531 0.335938 0.896484 0.335938 0.896484 0.333984 0.900391 0.330078 0.900391 0.328125 0.902344 0.326172 0.902344 0.322266 0.894531 0.314453 0.890625 0.314453 0.888672 0.312500
0 0.535156 0.294922 0.529297 0.300781 0.529297 0.312500 0.531250 0.314453 0.533203 0.314453 0.537109 0.318359 0.541016 0.318359 0.542969 0.320312 0.544922 0.320312 0.546875 0.318359 0.548828 0.318359 0.550781 0.316406 0.552734 0.316406 0.556641 0.312500 0.556641 0.302734 0.548828 0.294922
0 0.404297 0.332031 0.402344 0.333984 0.400391 0.333984 0.398438 0.335938 0.396484 0.335938 0.394531 0.337891 0.392578 0.337891 0.390625 0.339844 0.390625 0.355469 0.392578 0.357422 0.394531 0.357422 0.396484 0.359375 0.400391 0.359375 0.402344 0.361328 0.404297 0.361328 0.406250 0.359375 0.412109 0.359375 0.417969 0.353516 0.417969 0.345703 0.416016 0.343750 0.416016 0.339844 0.408203 0.332031
0 0.578125 0.250000 0.578125 0.251953 0.576172 0.253906 0.574219 0.253906 0.570312 0.257812 0.568359 0.257812 0.568359 0.271484 0.570312 0.273438 0.570312 0.275391 0.572266 0.277344 0.574219 0.277344 0.576172 0.279297 0.582031 0.279297 0.583984 0.277344 0.587891 0.277344 0.589844 0.275391 0.589844 0.273438 0.591797 0.271484 0.591797 0.267578 0.593750 0.265625 0.593750 0.261719 0.591797 0.259766 0.591797 0.257812 0.589844 0.257812 0.587891 0.255859 0.587891 0.251953 0.585938 0.250000
0 0.355469 0.148438 0.353516 0.150391 0.351562 0.150391 0.349609 0.152344 0.349609 0.154297 0.345703 0.158203 0.345703 0.162109 0.343750 0.164062 0.343750 0.167969 0.345703 0.169922 0.345703 0.173828 0.349609 0.177734 0.351562 0.177734 0.355469 0.181641 0.357422 0.181641 0.359375 0.183594 0.365234 0.183594 0.367188 0.181641 0.369141 0.181641 0.373047 0.177734 0.373047 0.173828 0.375000 0.171875 0.375000 0.169922 0.376953 0.167969 0.376953 0.162109 0.375000 0.160156 0.375000 0.158203 0.373047 0.156250 0.371094 0.156250 0.369141 0.154297 0.369141 0.152344 0.367188 0.150391 0.363281 0.150391 0.361328 0.148438
0 0.376953 0.169922 0.376953 0.171875 0.375000 0.173828 0.375000 0.177734 0.373047 0.179688 0.373047 0.183594 0.375000 0.185547 0.376953 0.185547 0.378906 0.187500 0.380859 0.187500 0.382812 0.189453 0.384766 0.189453 0.386719 0.187500 0.388672 0.187500 0.390625 0.185547 0.392578 0.185547 0.392578 0.173828 0.390625 0.171875 0.390625 0.169922
0 0.701172 0.126953 0.701172 0.128906 0.697266 0.132812 0.697266 0.134766 0.695312 0.136719 0.695312 0.144531 0.697266 0.146484 0.697266 0.148438 0.699219 0.150391 0.701172 0.150391 0.705078 0.154297 0.707031 0.154297 0.708984 0.156250 0.714844 0.156250 0.716797 0.158203 0.720703 0.154297 0.722656 0.154297 0.722656 0.152344 0.726562 0.148438 0.726562 0.146484 0.728516 0.144531 0.728516 0.136719 0.726562 0.134766 0.726562 0.130859 0.724609 0.130859 0.722656 0.128906 0.722656 0.126953
0 0.732422 0.123047 0.730469 0.125000 0.728516 0.125000 0.726562 0.126953 0.726562 0.128906 0.728516 0.130859 0.728516 0.134766 0.730469 0.134766 0.732422 0.136719 0.734375 0.136719 0.736328 0.134766 0.738281 0.134766 0.742188 0.130859 0.742188 0.125000 0.740234 0.125000 0.738281 0.123047
0 0.740234 0.134766 0.738281 0.136719 0.736328 0.136719 0.732422 0.140625 0.732422 0.142578 0.730469 0.144531 0.730469 0.156250 0.732422 0.156250 0.736328 0.160156 0.738281 0.160156 0.740234 0.162109 0.742188 0.162109 0.744141 0.160156 0.746094 0.160156 0.748047 0.158203 0.750000 0.158203 0.751953 0.156250 0.753906 0.156250 0.755859 0.154297 0.755859 0.142578 0.753906 0.140625 0.753906 0.138672 0.750000 0.134766
0 0.566406 0.136719 0.566406 0.138672 0.562500 0.142578 0.562500 0.144531 0.560547 0.146484 0.560547 0.150391 0.558594 0.152344 0.558594 0.154297 0.562500 0.158203 0.562500 0.160156 0.564453 0.162109 0.564453 0.164062 0.566406 0.164062 0.568359 0.166016 0.583984 0.166016 0.585938 0.164062 0.585938 0.162109 0.587891 0.160156 0.587891 0.158203 0.589844 0.156250 0.589844 0.146484 0.585938 0.142578 0.585938 0.138672 0.583984 0.138672 0.582031 0.136719
0 0.554688 0.156250 0.550781 0.160156 0.548828 0.160156 0.546875 0.162109 0.542969 0.162109 0.542969 0.169922 0.548828 0.175781 0.548828 0.177734 0.550781 0.177734 0.552734 0.179688 0.560547 0.179688 0.566406 0.173828 0.566406 0.171875 0.568359 0.169922 0.568359 0.167969 0.566406 0.166016 0.564453 0.166016 0.560547 0.162109 0.560547 0.158203 0.558594 0.156250
0 0.544922 0.132812 0.542969 0.134766 0.537109 0.134766 0.535156 0.136719 0.535156 0.138672 0.533203 0.140625 0.533203 0.148438 0.535156 0.150391 0.535156 0.154297 0.539062 0.158203 0.541016 0.158203 0.542969 0.160156 0.546875 0.160156 0.548828 0.158203 0.550781 0.158203 0.554688 0.154297 0.554688 0.152344 0.556641 0.150391 0.556641 0.138672 0.552734 0.134766 0.550781 0.134766 0.548828 0.132812
0 0.539062 0.101562 0.537109 0.103516 0.535156 0.103516 0.531250 0.107422 0.531250 0.121094 0.533203 0.121094 0.535156 0.123047 0.535156 0.125000 0.539062 0.128906 0.550781 0.128906 0.560547 0.119141 0.560547 0.113281 0.554688 0.107422 0.554688 0.105469 0.552734 0.103516 0.552734 0.101562
0 0.560547 0.083984 0.554688 0.089844 0.554688 0.103516 0.558594 0.107422 0.558594 0.109375 0.560547 0.111328 0.578125 0.111328 0.583984 0.105469 0.583984 0.103516 0.582031 0.101562 0.582031 0.099609 0.580078 0.097656 0.580078 0.091797 0.578125 0.089844 0.578125 0.087891 0.576172 0.085938 0.574219 0.085938 0.572266 0.083984
0 0.593750 0.072266 0.591797 0.074219 0.589844 0.074219 0.587891 0.076172 0.585938 0.076172 0.582031 0.080078 0.582031 0.082031 0.580078 0.083984 0.580078 0.089844 0.582031 0.091797 0.582031 0.097656 0.583984 0.099609 0.583984 0.101562 0.601562 0.101562 0.603516 0.099609 0.603516 0.097656 0.605469 0.095703 0.605469 0.093750 0.607422 0.091797 0.609375 0.091797 0.609375 0.085938 0.607422 0.083984 0.607422 0.082031 0.601562 0.076172 0.601562 0.074219 0.599609 0.072266
0 0.611328 0.056641 0.609375 0.058594 0.609375 0.060547 0.603516 0.066406 0.603516 0.076172 0.605469 0.078125 0.607422 0.078125 0.609375 0.080078 0.609375 0.083984 0.617188 0.083984 0.619141 0.082031 0.619141 0.080078 0.626953 0.072266 0.625000 0.070312 0.625000 0.064453 0.623047 0.062500 0.623047 0.060547 0.619141 0.056641
0 0.587891 0.007812 0.580078 0.015625 0.580078 0.025391 0.585938 0.031250 0.587891 0.031250 0.589844 0.033203 0.591797 0.033203 0.593750 0.035156 0.597656 0.031250 0.597656 0.029297 0.601562 0.025391 0.603516 0.025391 0.605469 0.023438 0.607422 0.023438 0.607422 0.019531 0.603516 0.015625 0.603516 0.013672 0.597656 0.007812
0 0.609375 0.023438 0.607422 0.025391 0.605469 0.025391 0.595703 0.035156 0.597656 0.037109 0.597656 0.041016 0.599609 0.042969 0.601562 0.042969 0.605469 0.046875 0.607422 0.046875 0.609375 0.048828 0.615234 0.048828 0.621094 0.042969 0.623047 0.042969 0.623047 0.041016 0.625000 0.039062 0.625000 0.033203 0.623047 0.031250 0.623047 0.027344 0.621094 0.025391 0.619141 0.025391 0.617188 0.023438
0 0.607422 0.001953 0.603516 0.005859 0.603516 0.011719 0.605469 0.013672 0.605469 0.015625 0.609375 0.019531 0.609375 0.021484 0.611328 0.021484 0.613281 0.019531 0.615234 0.021484 0.617188 0.021484 0.619141 0.023438 0.621094 0.023438 0.623047 0.021484 0.623047 0.015625 0.625000 0.013672 0.625000 0.011719 0.623047 0.009766 0.623047 0.003906 0.621094 0.001953
0 0.677734 0.019531 0.675781 0.021484 0.673828 0.021484 0.671875 0.023438 0.662109 0.023438 0.660156 0.021484 0.656250 0.025391 0.656250 0.029297 0.654297 0.031250 0.654297 0.039062 0.656250 0.041016 0.656250 0.044922 0.658203 0.046875 0.660156 0.046875 0.664062 0.050781 0.675781 0.050781 0.679688 0.046875 0.681641 0.046875 0.685547 0.042969 0.685547 0.037109 0.687500 0.035156 0.685547 0.033203 0.685547 0.029297 0.683594 0.027344 0.683594 0.023438 0.679688 0.019531
0 0.656250 0.000000 0.656250 0.015625 0.658203 0.017578 0.658203 0.019531 0.675781 0.019531 0.677734 0.017578 0.679688 0.017578 0.679688 0.013672 0.681641 0.011719 0.681641 0.005859 0.679688 0.003906 0.679688 0.000000