0 0.106383 0.000000 0.106383 0.001953 0.104449 0.003906 0.102515 0.003906 0.096712 0.009766 0.094778 0.009766 0.087041 0.017578 0.085106 0.017578 0.077369 0.025391 0.075435 0.025391 0.073501 0.027344 0.073501 0.029297 0.069632 0.033203 0.067698 0.033203 0.065764 0.035156 0.065764 0.037109 0.063830 0.039062 0.063830 0.048828 0.069632 0.054688 0.069632 0.056641 0.073501 0.060547 0.073501 0.064453 0.081238 0.072266 0.081238 0.074219 0.083172 0.076172 0.083172 0.078125 0.088975 0.083984 0.088975 0.085938 0.092843 0.089844 0.092843 0.091797 0.094778 0.091797 0.098646 0.095703 0.098646 0.097656 0.108317 0.097656 0.112186 0.093750 0.114120 0.093750 0.119923 0.087891 0.121857 0.087891 0.127660 0.082031 0.129594 0.082031 0.131528 0.080078 0.131528 0.078125 0.135397 0.074219 0.139265 0.074219 0.139265 0.072266 0.143133 0.068359 0.145068 0.068359 0.150870 0.062500 0.152805 0.062500 0.154739 0.060547 0.156673 0.060547 0.156673 0.058594 0.158607 0.056641 0.158607 0.044922 0.156673 0.042969 0.156673 0.041016 0.154739 0.039062 0.154739 0.037109 0.152805 0.035156 0.152805 0.033203 0.150870 0.033203 0.147002 0.029297 0.147002 0.025391 0.145068 0.025391 0.143133 0.023438 0.143133 0.021484 0.139265 0.017578 0.139265 0.015625 0.135397 0.011719 0.135397 0.009766 0.133462 0.009766 0.131528 0.007812 0.131528 0.003906 0.127660 0.000000
0 0.000000 0.000000 0.000000 0.019531 0.001934 0.019531 0.003868 0.017578 0.005803 0.017578 0.009671 0.013672 0.013540 0.013672 0.015474 0.011719 0.017408 0.011719 0.017408 0.009766 0.021277 0.005859 0.021277 0.000000
0 0.104449 0.181641 0.098646 0.187500 0.098646 0.189453 0.094778 0.193359 0.094778 0.195312 0.092843 0.197266 0.092843 0.199219 0.087041 0.205078 0.087041 0.210938 0.085106 0.212891 0.085106 0.214844 0.083172 0.216797 0.083172 0.218750 0.079304 0.222656 0.079304 0.238281 0.081238 0.238281 0.088975 0.246094 0.090909 0.246094 0.094778 0.250000 0.096712 0.250000 0.098646 0.251953 0.100580 0.251953 0.102515 0.253906 0.106383 0.253906 0.108317 0.255859 0.110251 0.255859 0.112186 0.257812 0.116054 0.257812 0.117988 0.255859 0.119923 0.255859 0.121857 0.253906 0.123791 0.253906 0.123791 0.251953 0.125725 0.250000 0.125725 0.248047 0.129594 0.244141 0.129594 0.240234 0.131528 0.238281 0.131528 0.236328 0.133462 0.234375 0.133462 0.232422 0.137331 0.228516 0.137331 0.226562 0.139265 0.224609 0.139265 0.222656 0.141199 0.220703 0.141199 0.218750 0.143133 0.216797 0.143133 0.212891 0.145068 0.210938 0.145068 0.205078 0.143133 0.203125 0.143133 0.201172 0.141199 0.199219 0.141199 0.197266 0.137331 0.193359 0.135397 0.193359 0.133462 0.191406 0.131528 0.191406 0.129594 0.189453 0.129594 0.187500 0.125725 0.187500 0.121857 0.183594 0.119923 0.183594 0.117988 0.181641
0 0.015474 0.304688 0.011605 0.308594 0.011605 0.314453 0.009671 0.316406 0.009671 0.328125 0.013540 0.332031 0.027079 0.332031 0.029014 0.333984 0.036750 0.333984 0.038685 0.332031 0.038685 0.320312 0.040619 0.318359 0.040619 0.308594 0.038685 0.306641 0.034816 0.306641 0.032882 0.304688
0 0.085106 0.388672 0.083172 0.390625 0.081238 0.390625 0.077369 0.394531 0.075435 0.394531 0.075435 0.396484 0.073501 0.398438 0.071567 0.398438 0.067698 0.402344 0.065764 0.402344 0.065764 0.404297 0.063830 0.406250 0.063830 0.416016 0.065764 0.417969 0.065764 0.419922 0.067698 0.419922 0.069632 0.421875 0.069632 0.423828 0.077369 0.431641 0.077369 0.433594 0.081238 0.437500 0.087041 0.437500 0.088975 0.435547 0.090909 0.435547 0.094778 0.431641 0.094778 0.429688 0.096712 0.427734 0.098646 0.427734 0.100580 0.425781 0.102515 0.425781 0.102515 0.423828 0.106383 0.419922 0.108317 0.419922 0.108317 0.414062 0.106383 0.412109 0.106383 0.410156 0.102515 0.406250 0.102515 0.402344 0.100580 0.402344 0.096712 0.398438 0.096712 0.396484 0.090909 0.390625 0.087041 0.390625
0 0.003868 0.414062 0.000000 0.417969 0.000000 0.443359 0.001934 0.445312 0.001934 0.447266 0.003868 0.449219 0.011605 0.449219 0.011605 0.447266 0.015474 0.443359 0.017408 0.443359 0.023211 0.437500 0.023211 0.425781 0.021277 0.423828 0.019342 0.423828 0.011605 0.416016 0.007737 0.416016 0.005803 0.414062
0 0.000000 0.503906 0.000000 0.531250 0.005803 0.531250 0.007737 0.529297 0.009671 0.529297 0.009671 0.507812 0.005803 0.503906
0 0.003868 0.583984 0.001934 0.585938 0.000000 0.585938 0.000000 0.613281 0.007737 0.613281 0.009671 0.611328 0.013540 0.611328 0.015474 0.609375 0.017408 0.609375 0.017408 0.589844 0.015474 0.587891 0.015474 0.585938 0.013540 0.585938 0.011605 0.583984
0 0.011605 0.660156 0.009671 0.662109 0.007737 0.662109 0.007737 0.664062 0.003868 0.667969 0.001934 0.667969 0.000000 0.669922 0.000000 0.705078 0.001934 0.707031 0.003868 0.707031 0.005803 0.708984 0.009671 0.708984 0.011605 0.710938 0.019342 0.710938 0.021277 0.712891 0.038685 0.712891 0.040619 0.710938 0.042553 0.710938 0.044487 0.708984 0.044487 0.707031 0.048356 0.703125 0.048356 0.701172 0.050290 0.699219 0.050290 0.689453 0.052224 0.687500 0.052224 0.677734 0.050290 0.675781 0.050290 0.671875 0.046422 0.667969 0.044487 0.667969 0.042553 0.666016 0.040619 0.666016 0.038685 0.664062 0.036750 0.664062 0.034816 0.662109 0.029014 0.662109 0.027079 0.660156
0 0.081238 0.628906 0.081238 0.630859 0.077369 0.634766 0.077369 0.638672 0.075435 0.640625 0.075435 0.642578 0.073501 0.644531 0.073501 0.648438 0.075435 0.650391 0.075435 0.652344 0.077369 0.654297 0.077369 0.656250 0.081238 0.656250 0.083172 0.658203 0.085106 0.658203 0.088975 0.662109 0.092843 0.662109 0.094778 0.660156 0.096712 0.660156 0.096712 0.658203 0.100580 0.654297 0.100580 0.652344 0.102515 0.650391 0.102515 0.648438 0.106383 0.644531 0.106383 0.638672 0.104449 0.638672 0.094778 0.628906
0 0.181818 0.613281 0.179884 0.615234 0.177950 0.615234 0.172147 0.621094 0.170213 0.621094 0.168279 0.623047 0.168279 0.625000 0.164410 0.628906 0.162476 0.628906 0.158607 0.632812 0.158607 0.634766 0.152805 0.640625 0.152805 0.644531 0.150870 0.646484 0.150870 0.648438 0.152805 0.650391 0.152805 0.652344 0.164410 0.664062 0.166344 0.664062 0.172147 0.669922 0.174081 0.669922 0.177950 0.673828 0.181818 0.673828 0.183752 0.675781 0.193424 0.675781 0.197292 0.671875 0.201161 0.671875 0.208897 0.664062 0.210832 0.664062 0.210832 0.662109 0.220503 0.652344 0.220503 0.648438 0.222437 0.646484 0.222437 0.644531 0.220503 0.642578 0.220503 0.638672 0.210832 0.628906 0.208897 0.628906 0.203095 0.623047 0.203095 0.621094 0.199226 0.621094 0.193424 0.615234 0.191489 0.615234 0.189555 0.613281
0 0.087041 0.722656 0.085106 0.724609 0.083172 0.724609 0.075435 0.732422 0.075435 0.738281 0.077369 0.740234 0.077369 0.742188 0.079304 0.744141 0.079304 0.746094 0.081238 0.748047 0.081238 0.751953 0.085106 0.755859 0.090909 0.755859 0.092843 0.753906 0.094778 0.753906 0.096712 0.751953 0.098646 0.751953 0.100580 0.750000 0.104449 0.750000 0.108317 0.746094 0.108317 0.740234 0.106383 0.738281 0.106383 0.736328 0.104449 0.734375 0.104449 0.732422 0.102515 0.730469 0.102515 0.728516 0.100580 0.726562 0.100580 0.722656
0 0.023211 0.755859 0.015474 0.763672 0.015474 0.769531 0.017408 0.771484 0.019342 0.771484 0.027079 0.779297 0.029014 0.777344 0.032882 0.777344 0.034816 0.775391 0.034816 0.771484 0.036750 0.769531 0.036750 0.763672 0.032882 0.759766 0.030948 0.759766 0.029014 0.757812 0.027079 0.757812 0.025145 0.755859
0 0.168279 0.736328 0.166344 0.738281 0.162476 0.738281 0.160542 0.740234 0.158607 0.740234 0.156673 0.742188 0.154739 0.742188 0.152805 0.744141 0.150870 0.744141 0.148936 0.746094 0.148936 0.753906 0.150870 0.755859 0.150870 0.757812 0.154739 0.761719 0.154739 0.763672 0.160542 0.769531 0.162476 0.769531 0.164410 0.767578 0.176015 0.767578 0.181818 0.761719 0.181818 0.753906 0.179884 0.751953 0.179884 0.748047 0.177950 0.746094 0.177950 0.742188 0.174081 0.738281 0.172147 0.738281 0.170213 0.736328
0 0.125725 0.822266 0.125725 0.824219 0.123791 0.826172 0.123791 0.828125 0.119923 0.832031 0.117988 0.832031 0.116054 0.833984 0.116054 0.847656 0.117988 0.849609 0.121857 0.849609 0.125725 0.853516 0.125725 0.857422 0.127660 0.857422 0.129594 0.859375 0.135397 0.859375 0.137331 0.857422 0.139265 0.857422 0.143133 0.853516 0.143133 0.851562 0.145068 0.849609 0.147002 0.849609 0.150870 0.845703 0.150870 0.837891 0.143133 0.830078 0.143133 0.828125 0.139265 0.824219 0.137331 0.824219 0.135397 0.822266
0 0.034816 0.931641 0.034816 0.933594 0.032882 0.935547 0.032882 0.945312 0.034816 0.947266 0.034816 0.949219 0.032882 0.951172 0.032882 0.960938 0.036750 0.964844 0.040619 0.964844 0.042553 0.966797 0.046422 0.966797 0.048356 0.964844 0.054159 0.964844 0.056093 0.966797 0.058027 0.964844 0.061896 0.964844 0.065764 0.960938 0.065764 0.957031 0.067698 0.955078 0.067698 0.951172 0.065764 0.949219 0.065764 0.933594 0.063830 0.931641
0 0.228240 0.808594 0.220503 0.816406 0.220503 0.822266 0.218569 0.824219 0.218569 0.830078 0.220503 0.832031 0.222437 0.832031 0.224371 0.833984 0.226306 0.833984 0.230174 0.837891 0.232108 0.837891 0.234043 0.839844 0.235977 0.839844 0.237911 0.837891 0.239845 0.837891 0.239845 0.835938 0.241779 0.833984 0.243714 0.833984 0.243714 0.832031 0.245648 0.830078 0.245648 0.826172 0.247582 0.824219 0.247582 0.816406 0.245648 0.814453 0.243714 0.814453 0.241779 0.812500 0.239845 0.812500 0.237911 0.810547 0.235977 0.810547 0.234043 0.808594
0 0.309478 0.914062 0.307544 0.916016 0.305609 0.916016 0.305609 0.917969 0.303675 0.919922 0.303675 0.925781 0.305609 0.927734 0.305609 0.929688 0.309478 0.933594 0.315280 0.933594 0.317215 0.931641 0.319149 0.931641 0.323017 0.927734 0.323017 0.919922 0.321083 0.917969 0.321083 0.916016 0.319149 0.914062
0 0.504836 0.937500 0.502901 0.939453 0.500967 0.939453 0.493230 0.947266 0.493230 0.951172 0.491296 0.953125 0.491296 0.958984 0.493230 0.960938 0.493230 0.966797 0.495164 0.968750 0.497099 0.968750 0.502901 0.974609 0.520309 0.974609 0.526112 0.968750 0.528046 0.968750 0.528046 0.966797 0.529981 0.964844 0.529981 0.949219 0.528046 0.947266 0.528046 0.945312 0.524178 0.941406 0.520309 0.941406 0.518375 0.939453 0.514507 0.939453 0.512573 0.937500
0 0.528046 0.884766 0.526112 0.886719 0.524178 0.886719 0.522244 0.888672 0.520309 0.888672 0.520309 0.900391 0.524178 0.904297 0.526112 0.904297 0.528046 0.906250 0.531915 0.906250 0.535783 0.902344 0.537718 0.902344 0.537718 0.900391 0.539652 0.898438 0.539652 0.892578 0.537718 0.890625 0.537718 0.888672 0.535783 0.886719 0.531915 0.886719 0.529981 0.884766
0 0.628627 0.923828 0.626692 0.925781 0.622824 0.925781 0.620890 0.927734 0.618956 0.927734 0.617021 0.929688 0.617021 0.931641 0.611219 0.937500 0.611219 0.941406 0.609284 0.943359 0.609284 0.951172 0.607350 0.953125 0.607350 0.957031 0.605416 0.958984 0.605416 0.960938 0.603482 0.962891 0.603482 0.964844 0.601547 0.966797 0.601547 0.976562 0.599613 0.978516 0.599613 0.992188 0.601547 0.994141 0.601547 0.998047 0.684720 0.998047 0.686654 0.996094 0.686654 0.994141 0.688588 0.992188 0.688588 0.988281 0.690522 0.986328 0.690522 0.984375 0.692456 0.982422 0.692456 0.974609 0.694391 0.972656 0.694391 0.968750 0.696325 0.966797 0.696325 0.960938 0.698259 0.958984 0.696325 0.957031 0.696325 0.953125 0.694391 0.951172 0.694391 0.947266 0.688588 0.941406 0.686654 0.941406 0.684720 0.939453 0.682785 0.939453 0.680851 0.937500 0.675048 0.937500 0.673114 0.935547 0.669246 0.935547 0.667311 0.933594 0.663443 0.933594 0.661509 0.931641 0.659574 0.931641 0.657640 0.929688 0.649903 0.929688 0.647969 0.927734 0.644101 0.927734 0.642166 0.925781 0.632495 0.925781 0.630561 0.923828
0 0.748549 0.859375 0.746615 0.861328 0.725338 0.861328 0.723404 0.863281 0.719536 0.863281 0.719536 0.865234 0.717602 0.867188 0.717602 0.869141 0.715667 0.871094 0.715667 0.898438 0.717602 0.900391 0.717602 0.910156 0.719536 0.912109 0.719536 0.914062 0.721470 0.916016 0.723404 0.916016 0.725338 0.917969 0.736944 0.917969 0.738878 0.916016 0.762089 0.916016 0.769826 0.908203 0.769826 0.906250 0.771760 0.904297 0.771760 0.888672 0.769826 0.886719 0.769826 0.871094 0.767892 0.869141 0.767892 0.867188 0.765957 0.865234 0.765957 0.863281 0.764023 0.861328 0.758221 0.861328 0.756286 0.859375
0 0.872340 0.880859 0.872340 0.886719 0.870406 0.888672 0.868472 0.888672 0.868472 0.890625 0.866538 0.892578 0.866538 0.894531 0.862669 0.898438 0.862669 0.900391 0.860735 0.902344 0.860735 0.908203 0.864603 0.912109 0.864603 0.914062 0.866538 0.914062 0.868472 0.916016 0.870406 0.916016 0.874275 0.919922 0.876209 0.919922 0.882012 0.925781 0.889749 0.925781 0.891683 0.923828 0.891683 0.921875 0.899420 0.914062 0.899420 0.910156 0.903288 0.906250 0.903288 0.904297 0.905222 0.902344 0.905222 0.896484 0.903288 0.894531 0.903288 0.892578 0.899420 0.888672 0.897485 0.888672 0.893617 0.884766 0.891683 0.884766 0.889749 0.882812 0.889749 0.880859
0 0.978723 0.980469 0.976789 0.982422 0.974855 0.982422 0.972921 0.984375 0.972921 0.988281 0.969052 0.992188 0.969052 0.998047 0.998066 0.998047 0.998066 0.984375 0.996132 0.982422 0.994197 0.982422 0.992263 0.980469
0 0.996132 0.810547 0.994197 0.812500 0.994197 0.820312 0.996132 0.822266
0 0.860735 0.789062 0.858801 0.791016 0.854932 0.791016 0.854932 0.792969 0.852998 0.794922 0.852998 0.818359 0.862669 0.818359 0.864603 0.820312 0.870406 0.820312 0.872340 0.822266 0.878143 0.822266 0.882012 0.818359 0.882012 0.804688 0.883946 0.802734 0.883946 0.792969 0.882012 0.791016 0.872340 0.791016 0.870406 0.789062
0 0.864603 0.664062 0.854932 0.673828 0.854932 0.675781 0.852998 0.677734 0.852998 0.683594 0.849130 0.687500 0.849130 0.689453 0.847195 0.691406 0.847195 0.693359 0.845261 0.695312 0.845261 0.708984 0.847195 0.710938 0.847195 0.712891 0.852998 0.718750 0.852998 0.720703 0.856867 0.720703 0.860735 0.724609 0.862669 0.724609 0.864603 0.726562 0.866538 0.726562 0.870406 0.730469 0.878143 0.730469 0.880077 0.732422 0.887814 0.732422 0.889749 0.730469 0.895551 0.730469 0.895551 0.728516 0.899420 0.724609 0.899420 0.722656 0.903288 0.718750 0.903288 0.714844 0.905222 0.712891 0.905222 0.710938 0.907157 0.708984 0.907157 0.707031 0.909091 0.705078 0.909091 0.703125 0.911025 0.701172 0.911025 0.693359 0.912959 0.691406 0.912959 0.689453 0.911025 0.687500 0.911025 0.683594 0.903288 0.675781 0.901354 0.675781 0.899420 0.673828 0.897485 0.673828 0.893617 0.669922 0.887814 0.669922 0.883946 0.666016 0.882012 0.666016 0.880077 0.664062
0 0.700193 0.669922 0.694391 0.675781 0.692456 0.675781 0.688588 0.679688 0.688588 0.683594 0.686654 0.685547 0.684720 0.685547 0.684720 0.689453 0.682785 0.691406 0.682785 0.693359 0.684720 0.695312 0.684720 0.697266 0.690522 0.703125 0.694391 0.703125 0.700193 0.708984 0.702128 0.708984 0.704062 0.710938 0.709865 0.710938 0.711799 0.708984 0.713733 0.708984 0.715667 0.707031 0.715667 0.703125 0.721470 0.697266 0.721470 0.695312 0.725338 0.691406 0.725338 0.685547 0.723404 0.683594 0.721470 0.683594 0.715667 0.677734 0.715667 0.675781 0.713733 0.675781 0.711799 0.673828 0.709865 0.673828 0.705996 0.669922
0 0.675048 0.734375 0.673114 0.736328 0.671180 0.736328 0.663443 0.744141 0.665377 0.746094 0.665377 0.748047 0.667311 0.750000 0.667311 0.751953 0.671180 0.755859 0.671180 0.759766 0.675048 0.763672 0.682785 0.763672 0.684720 0.761719 0.686654 0.761719 0.688588 0.759766 0.690522 0.759766 0.692456 0.757812 0.692456 0.755859 0.694391 0.753906 0.696325 0.753906 0.696325 0.750000 0.694391 0.748047 0.694391 0.744141 0.692456 0.742188 0.692456 0.740234 0.690522 0.738281 0.690522 0.736328 0.688588 0.734375
0 0.588008 0.669922 0.586074 0.671875 0.586074 0.673828 0.582205 0.677734 0.580271 0.677734 0.580271 0.679688 0.578337 0.681641 0.578337 0.683594 0.576402 0.685547 0.574468 0.685547 0.570600 0.689453 0.570600 0.691406 0.568665 0.693359 0.568665 0.695312 0.566731 0.697266 0.566731 0.699219 0.564797 0.701172 0.568665 0.705078 0.568665 0.708984 0.570600 0.710938 0.572534 0.710938 0.578337 0.716797 0.578337 0.718750 0.580271 0.720703 0.582205 0.720703 0.586074 0.724609 0.586074 0.726562 0.588008 0.728516 0.591876 0.728516 0.593810 0.730469 0.595745 0.728516 0.601547 0.728516 0.603482 0.726562 0.603482 0.724609 0.607350 0.720703 0.609284 0.720703 0.613153 0.716797 0.613153 0.714844 0.617021 0.710938 0.618956 0.710938 0.622824 0.707031 0.622824 0.705078 0.624758 0.703125 0.624758 0.699219 0.622824 0.697266 0.622824 0.695312 0.620890 0.693359 0.620890 0.691406 0.607350 0.677734 0.605416 0.677734 0.603482 0.675781 0.603482 0.673828 0.599613 0.669922
0 0.557060 0.787109 0.555126 0.789062 0.551257 0.789062 0.549323 0.791016 0.543520 0.791016 0.539652 0.794922 0.539652 0.796875 0.537718 0.798828 0.537718 0.802734 0.539652 0.804688 0.539652 0.812500 0.541586 0.814453 0.541586 0.818359 0.545455 0.822266 0.545455 0.824219 0.547389 0.824219 0.549323 0.826172 0.551257 0.826172 0.553191 0.824219 0.557060 0.824219 0.560928 0.820312 0.566731 0.820312 0.568665 0.818359 0.570600 0.818359 0.570600 0.814453 0.572534 0.812500 0.572534 0.810547 0.570600 0.808594 0.570600 0.804688 0.568665 0.802734 0.568665 0.798828 0.566731 0.796875 0.566731 0.791016 0.564797 0.791016 0.562863 0.789062 0.558994 0.789062
0 0.410058 0.808594 0.408124 0.810547 0.406190 0.810547 0.404255 0.812500 0.404255 0.814453 0.400387 0.818359 0.400387 0.820312 0.398453 0.822266 0.398453 0.832031 0.400387 0.833984 0.400387 0.835938 0.404255 0.839844 0.404255 0.841797 0.406190 0.843750 0.408124 0.843750 0.410058 0.845703 0.411992 0.845703 0.413926 0.847656 0.415861 0.845703 0.421663 0.845703 0.425532 0.841797 0.427466 0.841797 0.431335 0.837891 0.431335 0.835938 0.433269 0.833984 0.433269 0.828125 0.431335 0.826172 0.431335 0.818359 0.427466 0.814453 0.427466 0.812500 0.425532 0.812500 0.421663 0.808594
0 0.328820 0.781250 0.326886 0.783203 0.324952 0.783203 0.323017 0.785156 0.321083 0.785156 0.315280 0.791016 0.315280 0.792969 0.313346 0.794922 0.313346 0.796875 0.311412 0.798828 0.313346 0.800781 0.313346 0.804688 0.315280 0.804688 0.319149 0.808594 0.321083 0.808594 0.324952 0.812500 0.326886 0.812500 0.328820 0.814453 0.330754 0.814453 0.340426 0.804688 0.340426 0.802734 0.344294 0.798828 0.344294 0.794922 0.338491 0.789062 0.338491 0.787109 0.336557 0.787109 0.334623 0.785156 0.332689 0.785156
0 0.280464 0.732422 0.278530 0.734375 0.270793 0.734375 0.266925 0.738281 0.266925 0.742188 0.264990 0.744141 0.264990 0.748047 0.266925 0.750000 0.266925 0.761719 0.268859 0.761719 0.270793 0.763672 0.278530 0.763672 0.280464 0.761719 0.288201 0.761719 0.290135 0.759766 0.294004 0.759766 0.294004 0.757812 0.295938 0.755859 0.295938 0.753906 0.294004 0.751953 0.294004 0.738281 0.290135 0.734375 0.288201 0.734375 0.286267 0.732422
0 0.425532 0.695312 0.421663 0.699219 0.419729 0.699219 0.419729 0.701172 0.415861 0.705078 0.415861 0.710938 0.413926 0.712891 0.413926 0.740234 0.419729 0.746094 0.441006 0.746094 0.442940 0.748047 0.452611 0.748047 0.454545 0.750000 0.458414 0.750000 0.460348 0.748047 0.462282 0.748047 0.464217 0.746094 0.464217 0.744141 0.466151 0.742188 0.466151 0.736328 0.468085 0.734375 0.468085 0.720703 0.470019 0.718750 0.470019 0.708984 0.468085 0.707031 0.468085 0.705078 0.466151 0.703125 0.464217 0.703125 0.462282 0.701172 0.458414 0.701172 0.456480 0.699219 0.450677 0.699219 0.448743 0.697266 0.433269 0.697266 0.431335 0.695312
0 0.313346 0.644531 0.311412 0.646484 0.309478 0.646484 0.295938 0.660156 0.295938 0.667969 0.299807 0.671875 0.301741 0.671875 0.305609 0.675781 0.305609 0.677734 0.311412 0.683594 0.317215 0.683594 0.321083 0.679688 0.323017 0.679688 0.324952 0.677734 0.324952 0.675781 0.328820 0.671875 0.330754 0.671875 0.332689 0.669922 0.332689 0.660156 0.326886 0.654297 0.326886 0.652344 0.321083 0.646484 0.319149 0.646484 0.317215 0.644531
0 0.402321 0.599609 0.402321 0.603516 0.400387 0.605469 0.390716 0.605469 0.390716 0.609375 0.392650 0.611328 0.392650 0.613281 0.390716 0.615234 0.390716 0.619141 0.394584 0.623047 0.394584 0.626953 0.396518 0.626953 0.400387 0.630859 0.400387 0.632812 0.402321 0.634766 0.404255 0.634766 0.406190 0.636719 0.410058 0.636719 0.419729 0.626953 0.421663 0.626953 0.421663 0.625000 0.423598 0.623047 0.423598 0.621094 0.427466 0.617188 0.427466 0.609375 0.423598 0.609375 0.421663 0.607422 0.421663 0.605469 0.419729 0.603516 0.419729 0.599609
0 0.636364 0.544922 0.632495 0.548828 0.630561 0.548828 0.630561 0.550781 0.628627 0.552734 0.624758 0.552734 0.615087 0.562500 0.613153 0.562500 0.613153 0.564453 0.611219 0.566406 0.611219 0.574219 0.613153 0.576172 0.613153 0.580078 0.622824 0.589844 0.622824 0.591797 0.630561 0.599609 0.630561 0.601562 0.632495 0.603516 0.634429 0.603516 0.636364 0.605469 0.644101 0.605469 0.647969 0.601562 0.647969 0.599609 0.651838 0.595703 0.688588 0.595703 0.690522 0.593750 0.692456 0.593750 0.696325 0.589844 0.696325 0.562500 0.694391 0.560547 0.694391 0.558594 0.692456 0.556641 0.690522 0.556641 0.688588 0.554688 0.657640 0.554688 0.653772 0.550781 0.653772 0.548828 0.649903 0.544922
0 0.439072 0.535156 0.435203 0.539062 0.435203 0.541016 0.437137 0.542969 0.437137 0.544922 0.435203 0.546875 0.435203 0.552734 0.437137 0.554688 0.448743 0.554688 0.454545 0.548828 0.454545 0.539062 0.450677 0.535156
0 0.336557 0.539062 0.328820 0.546875 0.326886 0.546875 0.324952 0.548828 0.324952 0.558594 0.334623 0.568359 0.336557 0.568359 0.338491 0.570312 0.342360 0.570312 0.344294 0.568359 0.352031 0.568359 0.357834 0.562500 0.357834 0.560547 0.359768 0.558594 0.359768 0.548828 0.357834 0.548828 0.353965 0.544922 0.353965 0.542969 0.352031 0.541016 0.352031 0.539062
0 0.102515 0.539062 0.100580 0.541016 0.081238 0.541016 0.079304 0.542969 0.079304 0.548828 0.085106 0.554688 0.085106 0.570312 0.087041 0.572266 0.087041 0.576172 0.088975 0.576172 0.092843 0.580078 0.100580 0.580078 0.104449 0.576172 0.119923 0.576172 0.121857 0.574219 0.121857 0.572266 0.123791 0.570312 0.123791 0.562500 0.121857 0.560547 0.121857 0.548828 0.119923 0.546875 0.119923 0.541016 0.117988 0.541016 0.116054 0.539062
0 0.174081 0.500000 0.172147 0.501953 0.168279 0.501953 0.164410 0.505859 0.162476 0.505859 0.158607 0.509766 0.158607 0.515625 0.160542 0.517578 0.160542 0.519531 0.162476 0.521484 0.162476 0.525391 0.164410 0.527344 0.164410 0.531250 0.166344 0.533203 0.166344 0.535156 0.168279 0.535156 0.170213 0.537109 0.176015 0.537109 0.177950 0.535156 0.179884 0.535156 0.181818 0.533203 0.183752 0.533203 0.185687 0.531250 0.193424 0.531250 0.195358 0.529297 0.195358 0.527344 0.197292 0.525391 0.197292 0.519531 0.195358 0.517578 0.195358 0.513672 0.193424 0.511719 0.193424 0.507812 0.191489 0.505859 0.191489 0.503906 0.189555 0.501953 0.189555 0.500000
0 0.264990 0.492188 0.264990 0.494141 0.261122 0.498047 0.261122 0.500000 0.257253 0.503906 0.257253 0.505859 0.255319 0.507812 0.255319 0.513672 0.259188 0.517578 0.259188 0.519531 0.261122 0.521484 0.264990 0.521484 0.270793 0.527344 0.272727 0.527344 0.274662 0.529297 0.276596 0.527344 0.278530 0.527344 0.284333 0.521484 0.284333 0.519531 0.286267 0.517578 0.286267 0.513672 0.288201 0.511719 0.290135 0.511719 0.290135 0.505859 0.276596 0.492188
0 0.162476 0.347656 0.158607 0.351562 0.158607 0.353516 0.152805 0.359375 0.152805 0.361328 0.148936 0.365234 0.148936 0.380859 0.150870 0.382812 0.152805 0.382812 0.158607 0.388672 0.160542 0.388672 0.162476 0.390625 0.164410 0.390625 0.166344 0.392578 0.168279 0.392578 0.170213 0.394531 0.172147 0.394531 0.177950 0.400391 0.193424 0.400391 0.197292 0.396484 0.197292 0.394531 0.201161 0.390625 0.201161 0.386719 0.206963 0.380859 0.206963 0.376953 0.208897 0.375000 0.208897 0.373047 0.206963 0.371094 0.206963 0.369141 0.205029 0.367188 0.203095 0.367188 0.201161 0.365234 0.199226 0.365234 0.189555 0.355469 0.185687 0.355469 0.179884 0.349609 0.177950 0.349609 0.176015 0.347656
0 0.251451 0.408203 0.247582 0.412109 0.247582 0.414062 0.243714 0.417969 0.241779 0.417969 0.241779 0.423828 0.235977 0.429688 0.235977 0.431641 0.234043 0.433594 0.234043 0.435547 0.237911 0.439453 0.237911 0.441406 0.239845 0.441406 0.241779 0.443359 0.243714 0.443359 0.245648 0.445312 0.247582 0.445312 0.253385 0.451172 0.257253 0.451172 0.259188 0.453125 0.263056 0.453125 0.264990 0.451172 0.266925 0.451172 0.268859 0.449219 0.268859 0.445312 0.270793 0.443359 0.272727 0.443359 0.272727 0.441406 0.274662 0.439453 0.274662 0.437500 0.276596 0.435547 0.278530 0.435547 0.278530 0.431641 0.280464 0.429688 0.278530 0.427734 0.278530 0.421875 0.274662 0.417969 0.270793 0.417969 0.268859 0.416016 0.268859 0.414062 0.266925 0.414062 0.261122 0.408203
0 0.326886 0.439453 0.324952 0.441406 0.324952 0.443359 0.323017 0.445312 0.321083 0.445312 0.319149 0.447266 0.319149 0.451172 0.311412 0.458984 0.311412 0.460938 0.309478 0.462891 0.311412 0.464844 0.311412 0.468750 0.315280 0.472656 0.317215 0.472656 0.321083 0.476562 0.323017 0.476562 0.328820 0.482422 0.330754 0.482422 0.332689 0.484375 0.338491 0.484375 0.340426 0.482422 0.342360 0.482422 0.342360 0.480469 0.344294 0.478516 0.344294 0.474609 0.353965 0.464844 0.353965 0.458984 0.352031 0.457031 0.352031 0.455078 0.350097 0.455078 0.342360 0.447266 0.340426 0.447266 0.336557 0.443359 0.336557 0.441406 0.334623 0.439453
0 0.439072 0.417969 0.429400 0.427734 0.429400 0.429688 0.421663 0.437500 0.421663 0.441406 0.419729 0.443359 0.415861 0.443359 0.413926 0.445312 0.411992 0.445312 0.411992 0.455078 0.408124 0.458984 0.408124 0.460938 0.411992 0.464844 0.413926 0.464844 0.415861 0.466797 0.417795 0.466797 0.419729 0.468750 0.423598 0.468750 0.425532 0.470703 0.425532 0.472656 0.429400 0.476562 0.435203 0.476562 0.444874 0.486328 0.456480 0.486328 0.464217 0.478516 0.464217 0.474609 0.468085 0.470703 0.470019 0.470703 0.471954 0.468750 0.471954 0.462891 0.473888 0.460938 0.475822 0.460938 0.479691 0.457031 0.479691 0.443359 0.477756 0.441406 0.477756 0.439453 0.473888 0.435547 0.471954 0.435547 0.470019 0.433594 0.468085 0.433594 0.462282 0.427734 0.460348 0.427734 0.458414 0.425781 0.456480 0.425781 0.454545 0.423828 0.454545 0.421875 0.450677 0.417969
0 0.858801 0.304688 0.854932 0.308594 0.852998 0.308594 0.851064 0.310547 0.849130 0.310547 0.847195 0.312500 0.845261 0.312500 0.837524 0.320312 0.833656 0.320312 0.833656 0.322266 0.829787 0.326172 0.827853 0.326172 0.823985 0.330078 0.822050 0.330078 0.822050 0.332031 0.816248 0.337891 0.814313 0.337891 0.802708 0.349609 0.802708 0.351562 0.800774 0.353516 0.800774 0.355469 0.798839 0.357422 0.798839 0.363281 0.800774 0.365234 0.800774 0.378906 0.802708 0.380859 0.802708 0.382812 0.804642 0.384766 0.804642 0.386719 0.806576 0.386719 0.808511 0.388672 0.808511 0.394531 0.816248 0.402344 0.816248 0.404297 0.825919 0.414062 0.825919 0.416016 0.827853 0.417969 0.829787 0.417969 0.833656 0.421875 0.835590 0.421875 0.837524 0.423828 0.839458 0.423828 0.841393 0.425781 0.845261 0.425781 0.847195 0.423828 0.851064 0.423828 0.852998 0.421875 0.856867 0.421875 0.858801 0.419922 0.860735 0.419922 0.860735 0.417969 0.864603 0.414062 0.866538 0.414062 0.868472 0.412109 0.870406 0.412109 0.878143 0.404297 0.880077 0.404297 0.882012 0.402344 0.882012 0.400391 0.885880 0.396484 0.889749 0.396484 0.891683 0.394531 0.891683 0.392578 0.897485 0.386719 0.899420 0.386719 0.901354 0.384766 0.901354 0.382812 0.907157 0.376953 0.907157 0.373047 0.909091 0.371094 0.909091 0.363281 0.911025 0.361328 0.911025 0.353516 0.909091 0.351562 0.909091 0.345703 0.907157 0.343750 0.907157 0.337891 0.901354 0.332031 0.901354 0.330078 0.899420 0.328125 0.899420 0.326172 0.889749 0.316406 0.889749 0.314453 0.887814 0.312500 0.883946 0.312500 0.882012 0.310547 0.882012 0.308594 0.880077 0.308594 0.878143 0.306641 0.876209 0.306641 0.874275 0.304688
0 0.566731 0.226562 0.564797 0.228516 0.562863 0.228516 0.560928 0.230469 0.557060 0.230469 0.555126 0.232422 0.555126 0.234375 0.553191 0.236328 0.553191 0.240234 0.551257 0.242188 0.551257 0.244141 0.549323 0.246094 0.549323 0.248047 0.547389 0.250000 0.547389 0.253906 0.545455 0.255859 0.545455 0.261719 0.541586 0.265625 0.541586 0.269531 0.537718 0.273438 0.537718 0.277344 0.535783 0.279297 0.535783 0.283203 0.533849 0.285156 0.533849 0.287109 0.529981 0.291016 0.529981 0.292969 0.528046 0.294922 0.528046 0.300781 0.526112 0.302734 0.526112 0.304688 0.524178 0.306641 0.526112 0.308594 0.526112 0.314453 0.528046 0.316406 0.528046 0.320312 0.529981 0.322266 0.531915 0.322266 0.535783 0.326172 0.539652 0.326172 0.541586 0.328125 0.543520 0.328125 0.545455 0.330078 0.551257 0.330078 0.553191 0.332031 0.555126 0.332031 0.557060 0.333984 0.558994 0.333984 0.560928 0.335938 0.562863 0.335938 0.564797 0.337891 0.570600 0.337891 0.572534 0.339844 0.576402 0.339844 0.580271 0.343750 0.582205 0.343750 0.586074 0.347656 0.595745 0.347656 0.597679 0.345703 0.599613 0.345703 0.601547 0.343750 0.601547 0.341797 0.603482 0.339844 0.605416 0.339844 0.607350 0.337891 0.607350 0.333984 0.609284 0.332031 0.609284 0.330078 0.611219 0.328125 0.611219 0.324219 0.613153 0.322266 0.613153 0.318359 0.617021 0.314453 0.617021 0.310547 0.618956 0.308594 0.618956 0.302734 0.620890 0.300781 0.620890 0.298828 0.622824 0.296875 0.622824 0.292969 0.626692 0.289062 0.626692 0.287109 0.628627 0.285156 0.628627 0.283203 0.632495 0.279297 0.632495 0.273438 0.634429 0.271484 0.634429 0.259766 0.632495 0.257812 0.632495 0.255859 0.630561 0.255859 0.626692 0.251953 0.626692 0.250000 0.624758 0.250000 0.620890 0.246094 0.615087 0.246094 0.613153 0.244141 0.611219 0.244141 0.609284 0.242188 0.605416 0.242188 0.601547 0.238281 0.599613 0.238281 0.597679 0.236328 0.595745 0.236328 0.593810 0.234375 0.589942 0.234375 0.586074 0.230469 0.576402 0.230469 0.574468 0.228516 0.570600 0.228516 0.568665 0.226562
0 0.321083 0.294922 0.319149 0.296875 0.317215 0.296875 0.313346 0.300781 0.311412 0.300781 0.309478 0.302734 0.305609 0.302734 0.303675 0.304688 0.301741 0.304688 0.299807 0.306641 0.299807 0.308594 0.297872 0.310547 0.297872 0.314453 0.299807 0.316406 0.299807 0.320312 0.301741 0.322266 0.301741 0.326172 0.303675 0.328125 0.303675 0.333984 0.305609 0.335938 0.305609 0.339844 0.309478 0.339844 0.311412 0.341797 0.315280 0.341797 0.317215 0.339844 0.324952 0.339844 0.326886 0.337891 0.328820 0.337891 0.330754 0.335938 0.332689 0.335938 0.334623 0.333984 0.336557 0.333984 0.338491 0.332031 0.340426 0.332031 0.342360 0.330078 0.342360 0.320312 0.340426 0.318359 0.340426 0.316406 0.338491 0.314453 0.338491 0.312500 0.334623 0.308594 0.334623 0.304688 0.332689 0.302734 0.332689 0.298828 0.330754 0.296875 0.328820 0.296875 0.326886 0.294922
0 0.210832 0.218750 0.206963 0.222656 0.206963 0.224609 0.201161 0.230469 0.201161 0.234375 0.199226 0.236328 0.197292 0.236328 0.197292 0.238281 0.193424 0.242188 0.193424 0.253906 0.197292 0.257812 0.199226 0.257812 0.203095 0.261719 0.208897 0.261719 0.214700 0.267578 0.216634 0.267578 0.218569 0.269531 0.218569 0.271484 0.228240 0.271484 0.234043 0.265625 0.234043 0.263672 0.235977 0.261719 0.235977 0.259766 0.237911 0.257812 0.237911 0.255859 0.239845 0.253906 0.241779 0.253906 0.241779 0.251953 0.243714 0.250000 0.243714 0.242188 0.245648 0.240234 0.245648 0.236328 0.239845 0.230469 0.237911 0.230469 0.235977 0.228516 0.232108 0.228516 0.230174 0.226562 0.228240 0.226562 0.222437 0.220703 0.220503 0.220703 0.218569 0.218750
0 0.295938 0.216797 0.294004 0.218750 0.290135 0.218750 0.288201 0.220703 0.286267 0.220703 0.286267 0.228516 0.288201 0.230469 0.288201 0.234375 0.290135 0.236328 0.290135 0.240234 0.299807 0.240234 0.301741 0.238281 0.307544 0.238281 0.309478 0.236328 0.309478 0.222656 0.307544 0.220703 0.307544 0.218750 0.305609 0.216797
0 0.377176 0.187500 0.369439 0.195312 0.363636 0.195312 0.363636 0.199219 0.365571 0.201172 0.359768 0.207031 0.359768 0.208984 0.355899 0.212891 0.352031 0.212891 0.352031 0.218750 0.350097 0.220703 0.350097 0.230469 0.352031 0.232422 0.352031 0.236328 0.353965 0.236328 0.355899 0.238281 0.357834 0.238281 0.363636 0.244141 0.365571 0.244141 0.369439 0.248047 0.371373 0.248047 0.377176 0.253906 0.377176 0.255859 0.382979 0.255859 0.386847 0.259766 0.390716 0.259766 0.394584 0.255859 0.396518 0.255859 0.400387 0.251953 0.400387 0.250000 0.404255 0.246094 0.404255 0.244141 0.411992 0.236328 0.411992 0.232422 0.417795 0.226562 0.417795 0.224609 0.419729 0.222656 0.419729 0.216797 0.417795 0.214844 0.415861 0.214844 0.411992 0.210938 0.411992 0.207031 0.410058 0.205078 0.406190 0.205078 0.402321 0.201172 0.402321 0.199219 0.400387 0.199219 0.398453 0.197266 0.394584 0.197266 0.390716 0.193359 0.390716 0.191406 0.388781 0.189453 0.386847 0.189453 0.384913 0.187500
0 0.183752 0.126953 0.181818 0.128906 0.179884 0.128906 0.172147 0.136719 0.172147 0.138672 0.168279 0.142578 0.168279 0.144531 0.166344 0.146484 0.166344 0.154297 0.170213 0.158203 0.172147 0.158203 0.176015 0.162109 0.177950 0.162109 0.179884 0.164062 0.179884 0.166016 0.181818 0.166016 0.183752 0.167969 0.185687 0.167969 0.187621 0.169922 0.195358 0.169922 0.199226 0.166016 0.199226 0.164062 0.205029 0.158203 0.206963 0.158203 0.208897 0.156250 0.208897 0.154297 0.210832 0.152344 0.210832 0.146484 0.208897 0.144531 0.208897 0.142578 0.205029 0.138672 0.203095 0.138672 0.195358 0.130859 0.191489 0.130859 0.187621 0.126953
0 0.264990 0.101562 0.263056 0.103516 0.261122 0.103516 0.257253 0.107422 0.257253 0.140625 0.276596 0.140625 0.278530 0.142578 0.282398 0.142578 0.284333 0.144531 0.290135 0.144531 0.295938 0.138672 0.295938 0.136719 0.297872 0.134766 0.297872 0.117188 0.299807 0.115234 0.299807 0.111328 0.295938 0.107422 0.295938 0.105469 0.294004 0.105469 0.292070 0.103516 0.278530 0.103516 0.276596 0.101562
0 0.357834 0.093750 0.355899 0.095703 0.355899 0.097656 0.353965 0.099609 0.353965 0.107422 0.357834 0.111328 0.357834 0.117188 0.359768 0.119141 0.373308 0.119141 0.375242 0.117188 0.379110 0.117188 0.379110 0.093750
0 0.441006 0.037109 0.435203 0.042969 0.433269 0.042969 0.431335 0.044922 0.429400 0.044922 0.429400 0.054688 0.433269 0.058594 0.433269 0.060547 0.435203 0.062500 0.435203 0.064453 0.437137 0.066406 0.444874 0.066406 0.446809 0.064453 0.448743 0.064453 0.452611 0.060547 0.454545 0.060547 0.458414 0.056641 0.458414 0.052734 0.456480 0.050781 0.456480 0.048828 0.448743 0.041016 0.448743 0.037109
0 0.516441 0.037109 0.514507 0.039062 0.512573 0.039062 0.512573 0.042969 0.510638 0.044922 0.510638 0.068359 0.512573 0.070312 0.512573 0.074219 0.514507 0.076172 0.545455 0.076172 0.549323 0.072266 0.549323 0.041016 0.545455 0.037109
0 0.657640 0.042969 0.655706 0.044922 0.655706 0.048828 0.651838 0.052734 0.651838 0.054688 0.649903 0.056641 0.649903 0.072266 0.653772 0.072266 0.655706 0.074219 0.657640 0.074219 0.659574 0.076172 0.663443 0.076172 0.665377 0.078125 0.673114 0.078125 0.678917 0.072266 0.678917 0.068359 0.680851 0.066406 0.680851 0.062500 0.682785 0.060547 0.682785 0.052734 0.678917 0.048828 0.678917 0.046875 0.673114 0.046875 0.671180 0.044922 0.669246 0.044922 0.667311 0.042969
0 0.686654 0.132812 0.686654 0.134766 0.684720 0.136719 0.684720 0.146484 0.682785 0.148438 0.682785 0.150391 0.684720 0.152344 0.684720 0.156250 0.686654 0.156250 0.688588 0.158203 0.694391 0.158203 0.696325 0.160156 0.702128 0.160156 0.704062 0.162109 0.705996 0.160156 0.707930 0.160156 0.709865 0.158203 0.709865 0.154297 0.711799 0.152344 0.711799 0.140625 0.709865 0.138672 0.707930 0.138672 0.705996 0.136719 0.704062 0.136719 0.702128 0.134766 0.700193 0.134766 0.698259 0.132812
0 0.814313 0.080078 0.812379 0.082031 0.810445 0.082031 0.808511 0.083984 0.806576 0.083984 0.804642 0.085938 0.800774 0.085938 0.798839 0.087891 0.796905 0.087891 0.794971 0.089844 0.793037 0.089844 0.791103 0.091797 0.791103 0.101562 0.793037 0.103516 0.793037 0.107422 0.794971 0.109375 0.794971 0.111328 0.796905 0.113281 0.796905 0.123047 0.804642 0.130859 0.808511 0.130859 0.810445 0.128906 0.814313 0.128906 0.818182 0.125000 0.825919 0.125000 0.827853 0.123047 0.831721 0.123047 0.839458 0.115234 0.839458 0.113281 0.841393 0.111328 0.839458 0.109375 0.839458 0.107422 0.837524 0.105469 0.837524 0.103516 0.835590 0.101562 0.835590 0.099609 0.833656 0.097656 0.833656 0.091797 0.831721 0.089844 0.831721 0.087891 0.829787 0.085938 0.829787 0.083984 0.825919 0.080078
0 0.800774 0.187500 0.798839 0.189453 0.798839 0.191406 0.796905 0.193359 0.796905 0.195312 0.791103 0.201172 0.791103 0.208984 0.793037 0.210938 0.793037 0.212891 0.794971 0.214844 0.800774 0.214844 0.806576 0.220703 0.808511 0.220703 0.810445 0.222656 0.814313 0.222656 0.816248 0.220703 0.816248 0.218750 0.818182 0.216797 0.818182 0.214844 0.820116 0.212891 0.820116 0.210938 0.825919 0.205078 0.825919 0.197266 0.823985 0.195312 0.822050 0.195312 0.814313 0.187500
0 0.970986 0.093750 0.969052 0.095703 0.965184 0.095703 0.963250 0.097656 0.961315 0.097656 0.959381 0.099609 0.959381 0.101562 0.957447 0.103516 0.957447 0.105469 0.955513 0.107422 0.955513 0.123047 0.953578 0.125000 0.953578 0.126953 0.955513 0.128906 0.955513 0.134766 0.957447 0.136719 0.957447 0.138672 0.959381 0.138672 0.961315 0.140625 0.963250 0.140625 0.965184 0.142578 0.994197 0.142578 0.998066 0.138672 0.998066 0.099609 0.996132 0.097656 0.982592 0.097656 0.980658 0.095703 0.972921 0.095703