0 0.258621 0.019531 0.257294 0.021484 0.254642 0.021484 0.253316 0.023438 0.251989 0.023438 0.250663 0.025391 0.248011 0.025391 0.241379 0.035156 0.241379 0.042969 0.242706 0.044922 0.242706 0.048828 0.245358 0.052734 0.246684 0.052734 0.249337 0.056641 0.250663 0.056641 0.251989 0.058594 0.261273 0.058594 0.262599 0.056641 0.263926 0.056641 0.269231 0.048828 0.269231 0.046875 0.271883 0.042969 0.271883 0.029297 0.269231 0.025391 0.267905 0.025391 0.266578 0.023438 0.265252 0.023438 0.263926 0.021484 0.261273 0.021484 0.259947 0.019531
0 0.214854 0.091797 0.213528 0.093750 0.209549 0.093750 0.205570 0.099609 0.205570 0.101562 0.204244 0.103516 0.202918 0.103516 0.202918 0.105469 0.201592 0.107422 0.201592 0.115234 0.204244 0.119141 0.204244 0.121094 0.205570 0.123047 0.216180 0.123047 0.218833 0.119141 0.220159 0.119141 0.222812 0.115234 0.222812 0.109375 0.224138 0.107422 0.224138 0.101562 0.222812 0.099609 0.222812 0.095703 0.221485 0.093750 0.216180 0.093750
0 0.196286 0.166016 0.193634 0.169922 0.192308 0.169922 0.190981 0.171875 0.189655 0.171875 0.187003 0.175781 0.185676 0.175781 0.183024 0.179688 0.183024 0.181641 0.181698 0.183594 0.180371 0.183594 0.180371 0.185547 0.177719 0.189453 0.177719 0.207031 0.183024 0.214844 0.183024 0.216797 0.185676 0.216797 0.190981 0.224609 0.192308 0.224609 0.193634 0.226562 0.208223 0.226562 0.216180 0.214844 0.216180 0.212891 0.217507 0.210938 0.217507 0.203125 0.218833 0.201172 0.218833 0.189453 0.217507 0.187500 0.217507 0.179688 0.214854 0.175781 0.214854 0.173828 0.213528 0.173828 0.212202 0.171875 0.212202 0.169922 0.210875 0.167969 0.208223 0.167969 0.206897 0.166016
0 0.076923 0.220703 0.075597 0.222656 0.074271 0.222656 0.074271 0.224609 0.072944 0.226562 0.072944 0.228516 0.071618 0.230469 0.071618 0.234375 0.074271 0.238281 0.074271 0.240234 0.079576 0.240234 0.080902 0.242188 0.082228 0.242188 0.083554 0.240234 0.086207 0.240234 0.088859 0.236328 0.088859 0.220703
0 0.007958 0.257812 0.006631 0.259766 0.005305 0.259766 0.001326 0.265625 0.000000 0.265625 0.000000 0.294922 0.001326 0.296875 0.002653 0.296875 0.005305 0.300781 0.013263 0.300781 0.014589 0.298828 0.015915 0.298828 0.019894 0.292969 0.021220 0.292969 0.023873 0.289062 0.023873 0.281250 0.025199 0.279297 0.025199 0.273438 0.026525 0.271484 0.025199 0.269531 0.025199 0.267578 0.019894 0.259766 0.018568 0.259766 0.017241 0.257812
0 0.098143 0.318359 0.096817 0.320312 0.095491 0.320312 0.094164 0.322266 0.094164 0.326172 0.092838 0.328125 0.092838 0.330078 0.094164 0.332031 0.094164 0.335938 0.095491 0.337891 0.095491 0.339844 0.106101 0.339844 0.107427 0.337891 0.107427 0.322266 0.106101 0.320312 0.102122 0.320312 0.100796 0.318359
0 0.003979 0.369141 0.002653 0.371094 0.001326 0.371094 0.000000 0.373047 0.000000 0.453125 0.003979 0.453125 0.005305 0.451172 0.007958 0.451172 0.009284 0.449219 0.013263 0.449219 0.017241 0.443359 0.018568 0.443359 0.019894 0.441406 0.019894 0.439453 0.022546 0.435547 0.023873 0.435547 0.025199 0.433594 0.025199 0.431641 0.026525 0.429688 0.026525 0.427734 0.027851 0.425781 0.027851 0.423828 0.029178 0.421875 0.029178 0.392578 0.027851 0.390625 0.027851 0.388672 0.026525 0.386719 0.026525 0.384766 0.019894 0.375000 0.018568 0.375000 0.015915 0.371094 0.013263 0.371094 0.011936 0.369141
0 0.119363 0.576172 0.118037 0.578125 0.116711 0.578125 0.114058 0.582031 0.112732 0.582031 0.108753 0.587891 0.108753 0.589844 0.107427 0.591797 0.107427 0.593750 0.106101 0.595703 0.106101 0.599609 0.104775 0.601562 0.104775 0.609375 0.108753 0.615234 0.108753 0.617188 0.112732 0.623047 0.114058 0.623047 0.115385 0.625000 0.124668 0.625000 0.125995 0.623047 0.127321 0.623047 0.127321 0.621094 0.129973 0.617188 0.131300 0.617188 0.133952 0.613281 0.133952 0.607422 0.135279 0.605469 0.135279 0.589844 0.133952 0.587891 0.133952 0.583984 0.132626 0.582031 0.129973 0.582031 0.127321 0.578125 0.123342 0.578125 0.122016 0.576172
0 0.114058 0.671875 0.112732 0.673828 0.111406 0.673828 0.110080 0.675781 0.108753 0.675781 0.107427 0.677734 0.107427 0.699219 0.110080 0.703125 0.110080 0.705078 0.112732 0.708984 0.118037 0.708984 0.119363 0.710938 0.120690 0.710938 0.122016 0.708984 0.124668 0.708984 0.129973 0.701172 0.131300 0.701172 0.131300 0.697266 0.133952 0.693359 0.133952 0.683594 0.132626 0.681641 0.132626 0.677734 0.129973 0.673828 0.125995 0.673828 0.124668 0.671875
0 0.128647 0.771484 0.128647 0.773438 0.127321 0.775391 0.125995 0.775391 0.124668 0.777344 0.124668 0.789062 0.125995 0.791016 0.127321 0.791016 0.128647 0.792969 0.132626 0.792969 0.133952 0.791016 0.135279 0.791016 0.135279 0.787109 0.136605 0.785156 0.136605 0.783203 0.137931 0.781250 0.137931 0.777344 0.135279 0.773438 0.135279 0.771484
0 0.149867 0.984375 0.148541 0.986328 0.147215 0.986328 0.147215 0.988281 0.145889 0.990234 0.144562 0.990234 0.143236 0.992188 0.141910 0.992188 0.141910 0.994141 0.140584 0.996094 0.139257 0.996094 0.137931 0.998047 0.175066 0.998047 0.173740 0.998047 0.171088 0.994141 0.171088 0.992188 0.169761 0.990234 0.167109 0.990234 0.165782 0.988281 0.164456 0.988281 0.163130 0.986328 0.160477 0.986328 0.159151 0.984375
0 0.297082 0.863281 0.295756 0.865234 0.293103 0.865234 0.291777 0.867188 0.290451 0.867188 0.285146 0.875000 0.283820 0.875000 0.283820 0.876953 0.282493 0.878906 0.282493 0.892578 0.283820 0.894531 0.283820 0.898438 0.285146 0.900391 0.286472 0.900391 0.290451 0.906250 0.293103 0.906250 0.294430 0.908203 0.305040 0.908203 0.307692 0.904297 0.309019 0.904297 0.310345 0.902344 0.311671 0.902344 0.312997 0.900391 0.314324 0.900391 0.314324 0.898438 0.315650 0.896484 0.315650 0.894531 0.318302 0.890625 0.318302 0.884766 0.319629 0.882812 0.319629 0.876953 0.318302 0.875000 0.318302 0.873047 0.315650 0.869141 0.315650 0.867188 0.314324 0.865234 0.311671 0.865234 0.310345 0.863281
0 0.282493 0.970703 0.281167 0.972656 0.279841 0.972656 0.278515 0.974609 0.277188 0.974609 0.277188 0.976562 0.273210 0.982422 0.273210 0.984375 0.271883 0.986328 0.271883 0.998047 0.311671 0.998047 0.311671 0.994141 0.310345 0.992188 0.310345 0.988281 0.309019 0.986328 0.309019 0.984375 0.306366 0.980469 0.306366 0.978516 0.305040 0.976562 0.303714 0.976562 0.301061 0.972656 0.299735 0.972656 0.298408 0.970703
0 0.411141 0.746094 0.409814 0.748047 0.405836 0.748047 0.403183 0.751953 0.400531 0.751953 0.400531 0.753906 0.397878 0.757812 0.397878 0.763672 0.396552 0.765625 0.397878 0.767578 0.397878 0.775391 0.404509 0.785156 0.407162 0.785156 0.408488 0.787109 0.420424 0.787109 0.423077 0.783203 0.425729 0.783203 0.427056 0.781250 0.427056 0.777344 0.428382 0.775391 0.428382 0.769531 0.429708 0.767578 0.429708 0.761719 0.428382 0.759766 0.428382 0.757812 0.427056 0.755859 0.427056 0.750000 0.425729 0.750000 0.424403 0.748047 0.421751 0.748047 0.420424 0.746094
0 0.476127 0.845703 0.474801 0.847656 0.469496 0.847656 0.468170 0.849609 0.466844 0.849609 0.462865 0.855469 0.462865 0.857422 0.461538 0.859375 0.461538 0.861328 0.460212 0.863281 0.460212 0.871094 0.461538 0.873047 0.461538 0.876953 0.464191 0.880859 0.464191 0.882812 0.466844 0.886719 0.468170 0.886719 0.469496 0.888672 0.470822 0.888672 0.472149 0.890625 0.473475 0.890625 0.476127 0.894531 0.477454 0.894531 0.478780 0.896484 0.480106 0.896484 0.481432 0.894531 0.482759 0.894531 0.484085 0.892578 0.485411 0.892578 0.492042 0.882812 0.492042 0.880859 0.493369 0.878906 0.493369 0.876953 0.494695 0.875000 0.494695 0.865234 0.493369 0.863281 0.493369 0.857422 0.488064 0.849609 0.485411 0.849609 0.484085 0.847656 0.482759 0.847656 0.481432 0.845703
0 0.517241 0.822266 0.514589 0.826172 0.513263 0.826172 0.510610 0.830078 0.510610 0.839844 0.511936 0.841797 0.511936 0.843750 0.513263 0.845703 0.513263 0.847656 0.518568 0.855469 0.519894 0.855469 0.521220 0.853516 0.523873 0.853516 0.526525 0.849609 0.530504 0.849609 0.530504 0.845703 0.531830 0.843750 0.531830 0.841797 0.533156 0.839844 0.533156 0.832031 0.530504 0.828125 0.530504 0.826172 0.527851 0.822266
0 0.667109 0.843750 0.665782 0.845703 0.661804 0.845703 0.657825 0.851562 0.655172 0.851562 0.653846 0.853516 0.653846 0.855469 0.651194 0.859375 0.651194 0.878906 0.653846 0.882812 0.655172 0.882812 0.656499 0.884766 0.659151 0.884766 0.660477 0.886719 0.663130 0.886719 0.664456 0.884766 0.667109 0.884766 0.668435 0.882812 0.669761 0.882812 0.671088 0.880859 0.672414 0.880859 0.673740 0.878906 0.673740 0.876953 0.676393 0.873047 0.676393 0.871094 0.677719 0.869141 0.677719 0.867188 0.679045 0.865234 0.679045 0.851562 0.677719 0.851562 0.673740 0.845703 0.672414 0.845703 0.671088 0.843750
0 0.652520 0.767578 0.651194 0.769531 0.649867 0.769531 0.648541 0.771484 0.647215 0.771484 0.645889 0.773438 0.645889 0.775391 0.643236 0.779297 0.643236 0.785156 0.641910 0.787109 0.641910 0.796875 0.643236 0.798828 0.643236 0.800781 0.644562 0.800781 0.648541 0.806641 0.648541 0.808594 0.649867 0.808594 0.651194 0.810547 0.663130 0.810547 0.664456 0.808594 0.665782 0.808594 0.667109 0.806641 0.667109 0.802734 0.668435 0.800781 0.668435 0.798828 0.669761 0.796875 0.669761 0.787109 0.668435 0.785156 0.668435 0.781250 0.667109 0.779297 0.667109 0.775391 0.665782 0.775391 0.663130 0.771484 0.661804 0.771484 0.660477 0.769531 0.655172 0.769531 0.653846 0.767578
0 0.599469 0.660156 0.598143 0.662109 0.595491 0.662109 0.594164 0.664062 0.591512 0.664062 0.588859 0.667969 0.587533 0.667969 0.583554 0.673828 0.583554 0.695312 0.584881 0.695312 0.586207 0.697266 0.586207 0.699219 0.588859 0.703125 0.591512 0.703125 0.592838 0.705078 0.596817 0.705078 0.599469 0.701172 0.600796 0.701172 0.602122 0.699219 0.603448 0.699219 0.603448 0.697266 0.604775 0.695312 0.606101 0.695312 0.607427 0.693359 0.607427 0.691406 0.608753 0.689453 0.608753 0.683594 0.610080 0.681641 0.610080 0.675781 0.608753 0.673828 0.608753 0.669922 0.607427 0.667969 0.607427 0.666016 0.604775 0.662109 0.603448 0.662109 0.602122 0.660156
0 0.767905 0.546875 0.766578 0.548828 0.765252 0.548828 0.763926 0.550781 0.759947 0.550781 0.758621 0.552734 0.757294 0.552734 0.755968 0.554688 0.754642 0.554688 0.753316 0.556641 0.751989 0.556641 0.750663 0.558594 0.749337 0.558594 0.740053 0.572266 0.740053 0.576172 0.738727 0.578125 0.738727 0.582031 0.736074 0.585938 0.736074 0.607422 0.737401 0.609375 0.737401 0.615234 0.738727 0.617188 0.738727 0.619141 0.740053 0.621094 0.740053 0.623047 0.741379 0.625000 0.741379 0.626953 0.745358 0.632812 0.746684 0.632812 0.748011 0.634766 0.749337 0.634766 0.750663 0.636719 0.751989 0.636719 0.753316 0.638672 0.755968 0.638672 0.757294 0.640625 0.773210 0.640625 0.777188 0.634766 0.778515 0.634766 0.779841 0.632812 0.781167 0.632812 0.785146 0.626953 0.785146 0.625000 0.786472 0.623047 0.787798 0.623047 0.790451 0.619141 0.790451 0.617188 0.791777 0.615234 0.793103 0.615234 0.793103 0.613281 0.795756 0.609375 0.795756 0.607422 0.797082 0.605469 0.797082 0.601562 0.798408 0.599609 0.798408 0.597656 0.799735 0.595703 0.799735 0.583984 0.798408 0.582031 0.798408 0.574219 0.795756 0.570312 0.795756 0.562500 0.793103 0.558594 0.791777 0.558594 0.790451 0.556641 0.790451 0.554688 0.787798 0.550781 0.783820 0.550781 0.782493 0.548828 0.781167 0.548828 0.779841 0.546875
0 0.863395 0.535156 0.862069 0.537109 0.859416 0.537109 0.858090 0.539062 0.856764 0.539062 0.852785 0.544922 0.851459 0.544922 0.848806 0.548828 0.848806 0.552734 0.847480 0.554688 0.847480 0.556641 0.846154 0.558594 0.846154 0.560547 0.844828 0.562500 0.844828 0.570312 0.846154 0.572266 0.846154 0.578125 0.848806 0.582031 0.848806 0.587891 0.850133 0.587891 0.854111 0.593750 0.854111 0.595703 0.855438 0.595703 0.856764 0.597656 0.863395 0.597656 0.864721 0.599609 0.867374 0.599609 0.868700 0.601562 0.870027 0.599609 0.872679 0.599609 0.874005 0.597656 0.879310 0.597656 0.880637 0.595703 0.881963 0.595703 0.883289 0.593750 0.883289 0.591797 0.885942 0.587891 0.887268 0.587891 0.887268 0.585938 0.889920 0.582031 0.889920 0.574219 0.891247 0.572266 0.891247 0.562500 0.889920 0.560547 0.889920 0.552734 0.888594 0.550781 0.888594 0.548828 0.880637 0.537109 0.876658 0.537109 0.875332 0.535156
0 0.919098 0.402344 0.917772 0.404297 0.911141 0.404297 0.909814 0.406250 0.908488 0.406250 0.905836 0.410156 0.903183 0.410156 0.901857 0.412109 0.901857 0.414062 0.900531 0.416016 0.900531 0.417969 0.897878 0.421875 0.897878 0.423828 0.896552 0.425781 0.896552 0.443359 0.900531 0.449219 0.900531 0.451172 0.901857 0.453125 0.901857 0.455078 0.903183 0.457031 0.903183 0.458984 0.904509 0.460938 0.905836 0.460938 0.909814 0.466797 0.911141 0.466797 0.912467 0.468750 0.928382 0.468750 0.929708 0.466797 0.931034 0.466797 0.937666 0.457031 0.937666 0.455078 0.940318 0.451172 0.940318 0.449219 0.941645 0.447266 0.941645 0.443359 0.942971 0.441406 0.942971 0.429688 0.941645 0.427734 0.941645 0.419922 0.938992 0.416016 0.938992 0.414062 0.933687 0.406250 0.931034 0.406250 0.929708 0.404297 0.928382 0.404297 0.927056 0.402344
0 0.696286 0.388672 0.694960 0.390625 0.693634 0.390625 0.692308 0.392578 0.690981 0.392578 0.688329 0.396484 0.687003 0.396484 0.684350 0.400391 0.684350 0.402344 0.683024 0.404297 0.681698 0.404297 0.677719 0.410156 0.677719 0.414062 0.676393 0.416016 0.676393 0.431641 0.677719 0.433594 0.677719 0.439453 0.679045 0.439453 0.685676 0.449219 0.688329 0.449219 0.689655 0.451172 0.700265 0.451172 0.701592 0.449219 0.705570 0.449219 0.714854 0.435547 0.714854 0.429688 0.716180 0.427734 0.716180 0.421875 0.717507 0.419922 0.717507 0.416016 0.718833 0.414062 0.718833 0.408203 0.717507 0.406250 0.717507 0.404297 0.716180 0.402344 0.716180 0.400391 0.714854 0.398438 0.714854 0.396484 0.712202 0.392578 0.710875 0.392578 0.709549 0.390625 0.706897 0.390625 0.705570 0.388672
0 0.836870 0.320312 0.835544 0.322266 0.832891 0.322266 0.828912 0.328125 0.828912 0.332031 0.827586 0.333984 0.827586 0.335938 0.826260 0.337891 0.826260 0.339844 0.824934 0.341797 0.824934 0.349609 0.827586 0.353516 0.827586 0.355469 0.828912 0.357422 0.828912 0.359375 0.830239 0.359375 0.831565 0.361328 0.834218 0.361328 0.835544 0.363281 0.840849 0.363281 0.842175 0.361328 0.846154 0.361328 0.850133 0.355469 0.850133 0.353516 0.852785 0.349609 0.852785 0.347656 0.854111 0.345703 0.854111 0.337891 0.855438 0.335938 0.855438 0.332031 0.854111 0.330078 0.854111 0.326172 0.851459 0.322266 0.847480 0.322266 0.846154 0.320312
0 0.773210 0.298828 0.771883 0.300781 0.770557 0.300781 0.769231 0.302734 0.767905 0.302734 0.765252 0.306641 0.763926 0.306641 0.759947 0.312500 0.759947 0.314453 0.755968 0.320312 0.755968 0.343750 0.757294 0.345703 0.757294 0.347656 0.759947 0.351562 0.761273 0.351562 0.762599 0.353516 0.762599 0.355469 0.766578 0.361328 0.769231 0.361328 0.771883 0.365234 0.775862 0.365234 0.777188 0.367188 0.778515 0.367188 0.779841 0.365234 0.781167 0.365234 0.782493 0.363281 0.783820 0.363281 0.785146 0.361328 0.786472 0.361328 0.790451 0.355469 0.790451 0.353516 0.793103 0.349609 0.793103 0.345703 0.794430 0.343750 0.794430 0.337891 0.795756 0.335938 0.795756 0.318359 0.794430 0.316406 0.794430 0.312500 0.793103 0.310547 0.793103 0.308594 0.791777 0.306641 0.791777 0.304688 0.790451 0.302734 0.787798 0.302734 0.786472 0.300781 0.786472 0.298828
0 0.568966 0.292969 0.567639 0.294922 0.563660 0.294922 0.561008 0.298828 0.559682 0.298828 0.555703 0.304688 0.554377 0.304688 0.551724 0.308594 0.551724 0.324219 0.557029 0.332031 0.559682 0.332031 0.561008 0.333984 0.562334 0.333984 0.563660 0.335938 0.568966 0.335938 0.570292 0.333984 0.571618 0.333984 0.572944 0.332031 0.575597 0.332031 0.575597 0.330078 0.580902 0.322266 0.580902 0.318359 0.582228 0.316406 0.582228 0.300781 0.580902 0.298828 0.580902 0.294922 0.578249 0.294922 0.576923 0.292969
0 0.644562 0.199219 0.641910 0.203125 0.639257 0.203125 0.637931 0.205078 0.635279 0.205078 0.633952 0.207031 0.632626 0.207031 0.632626 0.208984 0.631300 0.210938 0.629973 0.210938 0.627321 0.214844 0.627321 0.220703 0.625995 0.222656 0.625995 0.230469 0.624668 0.232422 0.624668 0.238281 0.625995 0.240234 0.625995 0.248047 0.627321 0.250000 0.627321 0.255859 0.628647 0.257812 0.629973 0.257812 0.632626 0.261719 0.632626 0.263672 0.633952 0.265625 0.635279 0.265625 0.640584 0.273438 0.641910 0.273438 0.643236 0.275391 0.647215 0.275391 0.648541 0.277344 0.651194 0.277344 0.652520 0.279297 0.667109 0.279297 0.668435 0.277344 0.669761 0.277344 0.671088 0.275391 0.673740 0.275391 0.677719 0.269531 0.677719 0.267578 0.679045 0.265625 0.679045 0.263672 0.680371 0.261719 0.680371 0.259766 0.683024 0.255859 0.683024 0.244141 0.684350 0.242188 0.684350 0.238281 0.683024 0.236328 0.683024 0.226562 0.681698 0.224609 0.681698 0.222656 0.680371 0.222656 0.679045 0.220703 0.679045 0.218750 0.677719 0.216797 0.677719 0.214844 0.676393 0.214844 0.669761 0.205078 0.667109 0.205078 0.665782 0.203125 0.664456 0.203125 0.663130 0.201172 0.660477 0.201172 0.659151 0.199219
0 0.718833 0.169922 0.717507 0.171875 0.713528 0.171875 0.713528 0.173828 0.709549 0.179688 0.708223 0.179688 0.706897 0.181641 0.706897 0.189453 0.705570 0.191406 0.705570 0.201172 0.706897 0.203125 0.706897 0.208984 0.708223 0.210938 0.708223 0.212891 0.709549 0.214844 0.710875 0.214844 0.713528 0.218750 0.714854 0.218750 0.716180 0.220703 0.725464 0.220703 0.726790 0.218750 0.728117 0.218750 0.737401 0.205078 0.737401 0.197266 0.738727 0.195312 0.738727 0.185547 0.737401 0.183594 0.737401 0.177734 0.736074 0.175781 0.736074 0.173828 0.734748 0.173828 0.733422 0.171875 0.730769 0.171875 0.729443 0.169922
0 0.506631 0.183594 0.505305 0.185547 0.503979 0.185547 0.502653 0.187500 0.501326 0.187500 0.500000 0.189453 0.498674 0.189453 0.496021 0.193359 0.493369 0.193359 0.493369 0.195312 0.489390 0.201172 0.488064 0.201172 0.488064 0.203125 0.486737 0.205078 0.486737 0.226562 0.488064 0.228516 0.488064 0.230469 0.489390 0.232422 0.489390 0.234375 0.490716 0.236328 0.490716 0.240234 0.493369 0.244141 0.493369 0.246094 0.494695 0.248047 0.496021 0.248047 0.498674 0.251953 0.509284 0.251953 0.510610 0.253906 0.511936 0.253906 0.513263 0.251953 0.521220 0.251953 0.522546 0.250000 0.525199 0.250000 0.526525 0.248047 0.527851 0.248047 0.527851 0.246094 0.529178 0.244141 0.531830 0.244141 0.533156 0.242188 0.533156 0.240234 0.537135 0.234375 0.538462 0.234375 0.539788 0.232422 0.539788 0.214844 0.541114 0.212891 0.541114 0.210938 0.539788 0.208984 0.539788 0.201172 0.537135 0.197266 0.537135 0.195312 0.535809 0.193359 0.534483 0.193359 0.533156 0.191406 0.533156 0.189453 0.530504 0.185547 0.527851 0.185547 0.526525 0.183594
0 0.436340 0.117188 0.435013 0.119141 0.433687 0.119141 0.432361 0.121094 0.431034 0.121094 0.424403 0.130859 0.424403 0.152344 0.427056 0.156250 0.427056 0.158203 0.429708 0.162109 0.429708 0.164062 0.433687 0.169922 0.435013 0.169922 0.436340 0.171875 0.440318 0.171875 0.441645 0.173828 0.449602 0.173828 0.450928 0.171875 0.453581 0.171875 0.460212 0.162109 0.460212 0.160156 0.461538 0.158203 0.461538 0.154297 0.462865 0.152344 0.462865 0.134766 0.461538 0.132812 0.461538 0.130859 0.460212 0.128906 0.460212 0.125000 0.458886 0.123047 0.457560 0.123047 0.453581 0.117188
0 0.594164 0.087891 0.592838 0.089844 0.588859 0.089844 0.587533 0.091797 0.583554 0.091797 0.582228 0.093750 0.578249 0.093750 0.576923 0.095703 0.576923 0.097656 0.571618 0.105469 0.571618 0.111328 0.570292 0.113281 0.570292 0.119141 0.571618 0.121094 0.571618 0.130859 0.575597 0.136719 0.575597 0.138672 0.576923 0.138672 0.583554 0.148438 0.603448 0.148438 0.604775 0.146484 0.606101 0.146484 0.611406 0.138672 0.612732 0.138672 0.612732 0.136719 0.618037 0.128906 0.618037 0.105469 0.610080 0.093750 0.607427 0.093750 0.606101 0.091797 0.604775 0.091797 0.603448 0.089844 0.595491 0.089844
0 0.679045 0.093750 0.677719 0.095703 0.673740 0.095703 0.672414 0.097656 0.671088 0.097656 0.669761 0.099609 0.669761 0.101562 0.665782 0.107422 0.665782 0.111328 0.664456 0.113281 0.664456 0.125000 0.665782 0.126953 0.665782 0.132812 0.667109 0.132812 0.669761 0.136719 0.669761 0.138672 0.671088 0.138672 0.672414 0.140625 0.679045 0.140625 0.680371 0.142578 0.681698 0.140625 0.690981 0.140625 0.692308 0.138672 0.693634 0.138672 0.694960 0.136719 0.696286 0.136719 0.698939 0.132812 0.700265 0.132812 0.701592 0.130859 0.701592 0.128906 0.702918 0.126953 0.702918 0.125000 0.704244 0.123047 0.704244 0.115234 0.705570 0.113281 0.704244 0.111328 0.704244 0.101562 0.700265 0.095703 0.697613 0.095703 0.696286 0.093750
0 0.892573 0.082031 0.891247 0.083984 0.887268 0.083984 0.885942 0.085938 0.884615 0.085938 0.881963 0.089844 0.879310 0.089844 0.874005 0.097656 0.874005 0.099609 0.872679 0.101562 0.872679 0.103516 0.868700 0.109375 0.868700 0.115234 0.867374 0.117188 0.867374 0.121094 0.868700 0.123047 0.868700 0.125000 0.870027 0.126953 0.870027 0.132812 0.871353 0.134766 0.872679 0.134766 0.874005 0.136719 0.874005 0.138672 0.876658 0.142578 0.877984 0.142578 0.879310 0.144531 0.880637 0.144531 0.881963 0.146484 0.883289 0.146484 0.884615 0.144531 0.891247 0.144531 0.892573 0.142578 0.896552 0.142578 0.897878 0.140625 0.899204 0.140625 0.900531 0.138672 0.900531 0.136719 0.901857 0.134766 0.903183 0.134766 0.903183 0.132812 0.908488 0.125000 0.908488 0.121094 0.909814 0.119141 0.909814 0.117188 0.911141 0.115234 0.911141 0.111328 0.912467 0.109375 0.912467 0.107422 0.911141 0.105469 0.911141 0.095703 0.909814 0.093750 0.909814 0.091797 0.907162 0.087891 0.904509 0.087891 0.901857 0.083984 0.897878 0.083984 0.896552 0.082031
0 0.917772 0.179688 0.916446 0.181641 0.913793 0.181641 0.912467 0.183594 0.912467 0.201172 0.913793 0.203125 0.913793 0.205078 0.916446 0.208984 0.919098 0.208984 0.920424 0.210938 0.923077 0.210938 0.924403 0.212891 0.929708 0.212891 0.931034 0.210938 0.933687 0.210938 0.935013 0.208984 0.937666 0.208984 0.938992 0.207031 0.940318 0.207031 0.944297 0.201172 0.946950 0.201172 0.946950 0.197266 0.948276 0.195312 0.948276 0.193359 0.949602 0.191406 0.948276 0.189453 0.948276 0.187500 0.946950 0.185547 0.946950 0.183594 0.945623 0.181641 0.924403 0.181641 0.923077 0.179688
0 0.188329 0.333984 0.187003 0.335938 0.177719 0.335938 0.175066 0.339844 0.175066 0.347656 0.176393 0.349609 0.176393 0.351562 0.177719 0.353516 0.177719 0.355469 0.180371 0.355469 0.181698 0.357422 0.183024 0.357422 0.184350 0.359375 0.188329 0.359375 0.189655 0.357422 0.192308 0.357422 0.193634 0.355469 0.196286 0.355469 0.197613 0.353516 0.197613 0.339844 0.196286 0.337891 0.194960 0.337891 0.193634 0.335938 0.190981 0.335938 0.189655 0.333984
0 0.258621 0.410156 0.255968 0.414062 0.254642 0.414062 0.254642 0.419922 0.253316 0.421875 0.253316 0.429688 0.254642 0.431641 0.254642 0.437500 0.257294 0.437500 0.258621 0.439453 0.266578 0.439453 0.267905 0.437500 0.269231 0.437500 0.271883 0.433594 0.271883 0.431641 0.273210 0.429688 0.273210 0.419922 0.271883 0.417969 0.271883 0.416016 0.267905 0.410156
0 0.384615 0.373047 0.383289 0.375000 0.381963 0.375000 0.380637 0.376953 0.375332 0.376953 0.368700 0.386719 0.368700 0.388672 0.367374 0.390625 0.367374 0.392578 0.366048 0.394531 0.366048 0.406250 0.367374 0.408203 0.367374 0.412109 0.368700 0.414062 0.371353 0.414062 0.372679 0.416016 0.381963 0.416016 0.388594 0.406250 0.389920 0.406250 0.393899 0.400391 0.393899 0.386719 0.392573 0.384766 0.392573 0.380859 0.391247 0.378906 0.391247 0.375000 0.389920 0.373047
0 0.374005 0.531250 0.372679 0.533203 0.367374 0.533203 0.367374 0.535156 0.366048 0.537109 0.366048 0.539062 0.364721 0.541016 0.364721 0.542969 0.363395 0.544922 0.363395 0.552734 0.364721 0.554688 0.364721 0.556641 0.366048 0.558594 0.366048 0.560547 0.367374 0.562500 0.367374 0.564453 0.368700 0.564453 0.370027 0.566406 0.371353 0.566406 0.374005 0.570312 0.380637 0.570312 0.381963 0.568359 0.383289 0.568359 0.384615 0.566406 0.385942 0.566406 0.387268 0.564453 0.387268 0.562500 0.388594 0.560547 0.389920 0.560547 0.391247 0.558594 0.391247 0.539062 0.387268 0.533203 0.384615 0.533203 0.383289 0.531250
0 0.303714 0.681641 0.302387 0.683594 0.298408 0.683594 0.297082 0.685547 0.295756 0.685547 0.294430 0.687500 0.293103 0.687500 0.291777 0.689453 0.289125 0.689453 0.285146 0.695312 0.285146 0.697266 0.283820 0.699219 0.283820 0.720703 0.286472 0.724609 0.287798 0.724609 0.293103 0.732422 0.294430 0.732422 0.295756 0.734375 0.302387 0.734375 0.303714 0.732422 0.306366 0.732422 0.311671 0.724609 0.312997 0.724609 0.312997 0.720703 0.314324 0.718750 0.314324 0.716797 0.315650 0.714844 0.315650 0.699219 0.314324 0.697266 0.314324 0.693359 0.312997 0.691406 0.312997 0.689453 0.311671 0.689453 0.309019 0.685547 0.307692 0.685547 0.306366 0.683594 0.305040 0.683594
0 0.838196 0.703125 0.836870 0.705078 0.835544 0.705078 0.832891 0.708984 0.832891 0.710938 0.831565 0.712891 0.831565 0.716797 0.832891 0.718750 0.832891 0.722656 0.835544 0.726562 0.835544 0.728516 0.838196 0.732422 0.839523 0.732422 0.842175 0.736328 0.850133 0.736328 0.852785 0.732422 0.852785 0.722656 0.851459 0.720703 0.851459 0.718750 0.848806 0.714844 0.848806 0.712891 0.846154 0.708984 0.846154 0.707031 0.844828 0.707031 0.842175 0.703125
0 0.456233 0.000000 0.456233 0.001953 0.457560 0.003906 0.457560 0.011719 0.460212 0.015625 0.460212 0.017578 0.461538 0.017578 0.462865 0.019531 0.473475 0.019531 0.474801 0.017578 0.476127 0.017578 0.478780 0.013672 0.480106 0.013672 0.480106 0.011719 0.481432 0.009766 0.481432 0.007812 0.482759 0.005859 0.482759 0.003906 0.484085 0.001953 0.484085 0.000000