0 0.153605 0.080078 0.152038 0.082031 0.144201 0.082031 0.144201 0.083984 0.137931 0.091797 0.136364 0.091797 0.136364 0.097656 0.134796 0.099609 0.134796 0.111328 0.136364 0.113281 0.136364 0.121094 0.137931 0.123047 0.137931 0.125000 0.139498 0.125000 0.142633 0.128906 0.144201 0.128906 0.145768 0.130859 0.153605 0.130859 0.155172 0.132812 0.158307 0.132812 0.159875 0.130859 0.161442 0.130859 0.163009 0.128906 0.164577 0.128906 0.164577 0.126953 0.166144 0.125000 0.167712 0.125000 0.167712 0.123047 0.170846 0.119141 0.170846 0.113281 0.172414 0.111328 0.172414 0.109375 0.170846 0.107422 0.170846 0.095703 0.166144 0.089844 0.166144 0.087891 0.163009 0.083984 0.159875 0.083984 0.158307 0.082031 0.156740 0.082031 0.155172 0.080078
0 0.001567 0.343750 0.000000 0.345703 0.000000 0.380859 0.009404 0.380859 0.010972 0.378906 0.010972 0.376953 0.015674 0.371094 0.015674 0.365234 0.018809 0.361328 0.018809 0.357422 0.017241 0.355469 0.017241 0.353516 0.015674 0.353516 0.012539 0.349609 0.012539 0.347656 0.010972 0.345703 0.009404 0.347656 0.007837 0.345703 0.004702 0.345703 0.003135 0.343750
0 0.029781 0.501953 0.028213 0.503906 0.026646 0.503906 0.023511 0.507812 0.023511 0.509766 0.021944 0.511719 0.018809 0.511719 0.017241 0.513672 0.017241 0.515625 0.015674 0.517578 0.015674 0.519531 0.014107 0.521484 0.014107 0.525391 0.015674 0.527344 0.015674 0.539062 0.017241 0.541016 0.017241 0.544922 0.018809 0.546875 0.020376 0.546875 0.021944 0.548828 0.021944 0.550781 0.025078 0.554688 0.026646 0.552734 0.028213 0.552734 0.029781 0.554688 0.032915 0.554688 0.034483 0.556641 0.036050 0.556641 0.037618 0.554688 0.039185 0.554688 0.040752 0.552734 0.045455 0.552734 0.053292 0.542969 0.053292 0.541016 0.054859 0.539062 0.054859 0.537109 0.056426 0.535156 0.056426 0.521484 0.043887 0.505859 0.042320 0.505859 0.040752 0.503906 0.037618 0.503906 0.036050 0.501953
0 0.145768 0.472656 0.141066 0.478516 0.136364 0.478516 0.136364 0.484375 0.134796 0.486328 0.134796 0.496094 0.137931 0.500000 0.137931 0.501953 0.139498 0.503906 0.141066 0.503906 0.145768 0.509766 0.147335 0.509766 0.148903 0.507812 0.152038 0.507812 0.153605 0.505859 0.156740 0.505859 0.159875 0.501953 0.159875 0.500000 0.163009 0.496094 0.163009 0.492188 0.164577 0.490234 0.164577 0.486328 0.161442 0.482422 0.161442 0.478516 0.159875 0.476562 0.158307 0.476562 0.156740 0.474609 0.153605 0.474609 0.152038 0.472656 0.150470 0.472656 0.148903 0.474609 0.147335 0.474609
0 0.023511 0.937500 0.021944 0.939453 0.018809 0.939453 0.018809 0.941406 0.017241 0.943359 0.017241 0.945312 0.015674 0.947266 0.012539 0.947266 0.010972 0.949219 0.010972 0.964844 0.012539 0.966797 0.012539 0.968750 0.014107 0.970703 0.014107 0.972656 0.020376 0.980469 0.021944 0.980469 0.025078 0.984375 0.031348 0.984375 0.032915 0.982422 0.037618 0.982422 0.043887 0.974609 0.045455 0.974609 0.045455 0.966797 0.047022 0.964844 0.047022 0.957031 0.045455 0.955078 0.045455 0.949219 0.039185 0.941406 0.039185 0.939453 0.036050 0.939453 0.034483 0.937500
0 0.879310 0.835938 0.877743 0.837891 0.876176 0.837891 0.874608 0.839844 0.874608 0.841797 0.873041 0.843750 0.871473 0.843750 0.871473 0.845703 0.868339 0.849609 0.868339 0.859375 0.874608 0.867188 0.874608 0.869141 0.877743 0.873047 0.880878 0.873047 0.882445 0.875000 0.891850 0.875000 0.893417 0.873047 0.896552 0.873047 0.898119 0.871094 0.899687 0.871094 0.901254 0.869141 0.902821 0.869141 0.902821 0.867188 0.905956 0.863281 0.905956 0.851562 0.904389 0.849609 0.904389 0.845703 0.902821 0.843750 0.902821 0.839844 0.899687 0.839844 0.898119 0.837891 0.893417 0.837891 0.891850 0.835938
0 0.677116 0.927734 0.669279 0.937500 0.669279 0.943359 0.672414 0.947266 0.675549 0.947266 0.677116 0.949219 0.678683 0.947266 0.680251 0.947266 0.683386 0.943359 0.683386 0.941406 0.684953 0.939453 0.683386 0.937500 0.683386 0.935547 0.681818 0.933594 0.680251 0.933594 0.677116 0.929688
0 0.963950 0.914062 0.962382 0.916016 0.960815 0.916016 0.959248 0.917969 0.957680 0.917969 0.956113 0.919922 0.956113 0.921875 0.954545 0.923828 0.957680 0.927734 0.957680 0.929688 0.959248 0.931641 0.960815 0.931641 0.962382 0.933594 0.963950 0.933594 0.965517 0.931641 0.971787 0.931641 0.973354 0.929688 0.973354 0.927734 0.974922 0.925781 0.974922 0.923828 0.973354 0.921875 0.973354 0.917969 0.971787 0.916016 0.970219 0.916016 0.968652 0.914062
0 0.996865 0.675781 0.995298 0.677734 0.993730 0.677734 0.992163 0.679688 0.990596 0.679688 0.987461 0.683594 0.982759 0.683594 0.982759 0.687500 0.978056 0.693359 0.978056 0.695312 0.976489 0.697266 0.976489 0.703125 0.974922 0.705078 0.974922 0.708984 0.973354 0.710938 0.973354 0.712891 0.971787 0.714844 0.971787 0.720703 0.973354 0.722656 0.973354 0.726562 0.976489 0.730469 0.978056 0.730469 0.981191 0.734375 0.982759 0.734375 0.984326 0.732422 0.993730 0.732422 0.998433 0.726562 0.998433 0.675781
0 0.835423 0.552734 0.830721 0.558594 0.830721 0.562500 0.829154 0.564453 0.829154 0.566406 0.827586 0.568359 0.827586 0.583984 0.830721 0.587891 0.830721 0.591797 0.832288 0.593750 0.833856 0.593750 0.836991 0.597656 0.836991 0.599609 0.838558 0.599609 0.840125 0.601562 0.846395 0.601562 0.847962 0.603516 0.849530 0.603516 0.852665 0.599609 0.854232 0.599609 0.858934 0.593750 0.858934 0.591797 0.862069 0.587891 0.862069 0.585938 0.863636 0.583984 0.863636 0.580078 0.865204 0.578125 0.865204 0.562500 0.858934 0.554688 0.858934 0.552734
0 0.730408 0.572266 0.727273 0.576172 0.725705 0.576172 0.724138 0.578125 0.724138 0.580078 0.722571 0.582031 0.722571 0.593750 0.724138 0.595703 0.724138 0.601562 0.725705 0.603516 0.725705 0.605469 0.727273 0.605469 0.728840 0.607422 0.742947 0.607422 0.749216 0.599609 0.750784 0.599609 0.750784 0.587891 0.749216 0.585938 0.749216 0.583984 0.744514 0.578125 0.744514 0.576172 0.741379 0.572266
0 0.672414 0.642578 0.670846 0.644531 0.669279 0.644531 0.667712 0.646484 0.666144 0.646484 0.666144 0.648438 0.663009 0.652344 0.663009 0.664062 0.664577 0.666016 0.664577 0.667969 0.666144 0.669922 0.666144 0.671875 0.667712 0.673828 0.672414 0.673828 0.673981 0.675781 0.681818 0.675781 0.681818 0.673828 0.683386 0.671875 0.684953 0.671875 0.688088 0.667969 0.688088 0.654297 0.680251 0.644531 0.678683 0.644531 0.677116 0.642578
0 0.521944 0.656250 0.520376 0.658203 0.518809 0.658203 0.517241 0.660156 0.515674 0.660156 0.510972 0.666016 0.510972 0.669922 0.509404 0.671875 0.509404 0.673828 0.507837 0.675781 0.507837 0.679688 0.510972 0.683594 0.510972 0.691406 0.512539 0.693359 0.512539 0.697266 0.514107 0.699219 0.517241 0.699219 0.518809 0.701172 0.520376 0.701172 0.521944 0.703125 0.532915 0.703125 0.534483 0.701172 0.537618 0.701172 0.539185 0.699219 0.540752 0.699219 0.542320 0.697266 0.543887 0.697266 0.547022 0.693359 0.547022 0.683594 0.548589 0.681641 0.548589 0.677734 0.550157 0.675781 0.548589 0.673828 0.548589 0.671875 0.547022 0.669922 0.547022 0.666016 0.545455 0.664062 0.542320 0.664062 0.539185 0.660156 0.537618 0.660156 0.536050 0.658203 0.528213 0.658203 0.526646 0.656250
0 0.468652 0.636719 0.467085 0.638672 0.465517 0.638672 0.463950 0.640625 0.462382 0.640625 0.460815 0.642578 0.459248 0.640625 0.456113 0.640625 0.456113 0.644531 0.452978 0.648438 0.451411 0.648438 0.449843 0.650391 0.449843 0.652344 0.448276 0.654297 0.448276 0.660156 0.446708 0.662109 0.446708 0.664062 0.448276 0.666016 0.448276 0.669922 0.449843 0.669922 0.452978 0.673828 0.452978 0.677734 0.451411 0.679688 0.451411 0.681641 0.452978 0.683594 0.452978 0.687500 0.454545 0.689453 0.454545 0.691406 0.456113 0.693359 0.456113 0.695312 0.457680 0.697266 0.459248 0.697266 0.462382 0.701172 0.463950 0.701172 0.465517 0.703125 0.470219 0.703125 0.473354 0.699219 0.474922 0.699219 0.478056 0.695312 0.479624 0.695312 0.482759 0.691406 0.482759 0.687500 0.481191 0.685547 0.481191 0.683594 0.479624 0.681641 0.479624 0.675781 0.482759 0.671875 0.482759 0.667969 0.487461 0.662109 0.487461 0.656250 0.489028 0.654297 0.489028 0.650391 0.487461 0.648438 0.487461 0.644531 0.481191 0.636719
0 0.434169 0.703125 0.432602 0.705078 0.426332 0.705078 0.424765 0.707031 0.424765 0.708984 0.421630 0.712891 0.420063 0.712891 0.420063 0.728516 0.423197 0.732422 0.423197 0.734375 0.427900 0.740234 0.435737 0.740234 0.437304 0.742188 0.440439 0.742188 0.442006 0.740234 0.445141 0.740234 0.448276 0.736328 0.448276 0.734375 0.452978 0.728516 0.452978 0.722656 0.449843 0.718750 0.449843 0.716797 0.448276 0.714844 0.448276 0.712891 0.443574 0.707031 0.442006 0.707031 0.440439 0.705078 0.440439 0.703125
0 0.816614 0.433594 0.815047 0.435547 0.813480 0.435547 0.810345 0.439453 0.810345 0.443359 0.808777 0.445312 0.808777 0.449219 0.805643 0.453125 0.805643 0.466797 0.807210 0.468750 0.807210 0.476562 0.808777 0.478516 0.808777 0.480469 0.810345 0.482422 0.810345 0.484375 0.813480 0.484375 0.815047 0.486328 0.816614 0.486328 0.819749 0.490234 0.821317 0.490234 0.822884 0.492188 0.840125 0.492188 0.846395 0.484375 0.846395 0.480469 0.847962 0.478516 0.847962 0.476562 0.849530 0.474609 0.849530 0.455078 0.847962 0.453125 0.847962 0.451172 0.846395 0.449219 0.846395 0.447266 0.841693 0.441406 0.840125 0.441406 0.838558 0.439453 0.835423 0.439453 0.830721 0.433594
0 0.862069 0.443359 0.860502 0.445312 0.858934 0.445312 0.855799 0.449219 0.854232 0.449219 0.854232 0.470703 0.855799 0.472656 0.855799 0.474609 0.857367 0.476562 0.858934 0.476562 0.860502 0.478516 0.860502 0.480469 0.863636 0.484375 0.876176 0.484375 0.882445 0.476562 0.882445 0.474609 0.884013 0.472656 0.884013 0.468750 0.885580 0.466797 0.885580 0.455078 0.884013 0.453125 0.884013 0.451172 0.880878 0.447266 0.879310 0.447266 0.876176 0.443359
0 0.639498 0.347656 0.636364 0.351562 0.633229 0.351562 0.631661 0.353516 0.628527 0.353516 0.626959 0.355469 0.626959 0.357422 0.625392 0.359375 0.625392 0.361328 0.622257 0.365234 0.622257 0.367188 0.619122 0.371094 0.619122 0.382812 0.620690 0.384766 0.620690 0.386719 0.622257 0.388672 0.623824 0.388672 0.625392 0.390625 0.625392 0.392578 0.626959 0.394531 0.630094 0.394531 0.631661 0.396484 0.637931 0.396484 0.639498 0.398438 0.641066 0.398438 0.642633 0.396484 0.645768 0.396484 0.647335 0.394531 0.648903 0.394531 0.652038 0.390625 0.653605 0.390625 0.655172 0.388672 0.656740 0.388672 0.659875 0.384766 0.659875 0.382812 0.663009 0.378906 0.663009 0.376953 0.664577 0.375000 0.664577 0.367188 0.663009 0.365234 0.663009 0.363281 0.659875 0.359375 0.659875 0.355469 0.658307 0.355469 0.656740 0.353516 0.655172 0.353516 0.653605 0.351562 0.653605 0.349609 0.647335 0.349609 0.645768 0.347656
0 0.490596 0.308594 0.487461 0.312500 0.485893 0.312500 0.484326 0.314453 0.482759 0.314453 0.478056 0.320312 0.474922 0.320312 0.473354 0.322266 0.473354 0.337891 0.476489 0.341797 0.476489 0.343750 0.479624 0.347656 0.479624 0.351562 0.481191 0.353516 0.482759 0.353516 0.485893 0.357422 0.492163 0.357422 0.493730 0.359375 0.495298 0.357422 0.500000 0.357422 0.501567 0.355469 0.506270 0.355469 0.507837 0.353516 0.509404 0.353516 0.514107 0.347656 0.514107 0.343750 0.515674 0.341797 0.515674 0.326172 0.514107 0.324219 0.514107 0.318359 0.506270 0.308594
0 0.446708 0.335938 0.443574 0.339844 0.438871 0.339844 0.437304 0.341797 0.437304 0.343750 0.435737 0.345703 0.434169 0.345703 0.434169 0.347656 0.432602 0.349609 0.432602 0.365234 0.434169 0.367188 0.434169 0.371094 0.437304 0.375000 0.437304 0.376953 0.438871 0.376953 0.440439 0.378906 0.442006 0.378906 0.443574 0.380859 0.445141 0.380859 0.446708 0.382812 0.452978 0.382812 0.454545 0.380859 0.457680 0.380859 0.459248 0.378906 0.459248 0.376953 0.463950 0.371094 0.463950 0.367188 0.465517 0.365234 0.465517 0.355469 0.463950 0.353516 0.463950 0.351562 0.462382 0.349609 0.462382 0.347656 0.460815 0.347656 0.459248 0.345703 0.459248 0.341797 0.457680 0.341797 0.456113 0.339844 0.454545 0.339844 0.452978 0.337891 0.449843 0.337891 0.448276 0.335938
0 0.360502 0.382812 0.354232 0.390625 0.354232 0.392578 0.352665 0.394531 0.352665 0.396484 0.351097 0.398438 0.351097 0.408203 0.352665 0.410156 0.352665 0.412109 0.354232 0.414062 0.354232 0.416016 0.357367 0.419922 0.358934 0.419922 0.362069 0.423828 0.363636 0.423828 0.365204 0.425781 0.366771 0.423828 0.369906 0.423828 0.371473 0.421875 0.374608 0.421875 0.376176 0.419922 0.377743 0.419922 0.384013 0.412109 0.384013 0.404297 0.385580 0.402344 0.385580 0.396484 0.384013 0.394531 0.384013 0.392578 0.380878 0.388672 0.379310 0.388672 0.376176 0.384766 0.376176 0.382812
0 0.369906 0.312500 0.368339 0.314453 0.368339 0.316406 0.365204 0.320312 0.365204 0.324219 0.363636 0.326172 0.363636 0.333984 0.365204 0.335938 0.365204 0.339844 0.366771 0.339844 0.369906 0.343750 0.371473 0.343750 0.373041 0.345703 0.376176 0.345703 0.377743 0.347656 0.379310 0.347656 0.380878 0.345703 0.384013 0.345703 0.385580 0.343750 0.387147 0.343750 0.390282 0.339844 0.390282 0.337891 0.393417 0.333984 0.393417 0.326172 0.391850 0.324219 0.391850 0.322266 0.390282 0.320312 0.390282 0.318359 0.388715 0.318359 0.387147 0.316406 0.387147 0.314453 0.385580 0.314453 0.384013 0.312500
0 0.275862 0.232422 0.271160 0.238281 0.271160 0.240234 0.268025 0.244141 0.268025 0.250000 0.269592 0.251953 0.269592 0.253906 0.271160 0.255859 0.271160 0.259766 0.272727 0.261719 0.274295 0.261719 0.275862 0.263672 0.286834 0.263672 0.291536 0.257812 0.293103 0.257812 0.294671 0.255859 0.294671 0.250000 0.296238 0.248047 0.296238 0.244141 0.294671 0.242188 0.294671 0.238281 0.293103 0.236328 0.293103 0.234375 0.289969 0.234375 0.288401 0.232422
0 0.631661 0.125000 0.630094 0.126953 0.626959 0.126953 0.625392 0.128906 0.623824 0.128906 0.623824 0.130859 0.622257 0.132812 0.622257 0.134766 0.619122 0.138672 0.619122 0.148438 0.620690 0.150391 0.620690 0.152344 0.622257 0.154297 0.622257 0.156250 0.623824 0.158203 0.623824 0.160156 0.625392 0.162109 0.625392 0.164062 0.626959 0.164062 0.628527 0.166016 0.631661 0.166016 0.633229 0.167969 0.636364 0.167969 0.637931 0.166016 0.642633 0.166016 0.644201 0.164062 0.645768 0.164062 0.645768 0.162109 0.650470 0.156250 0.652038 0.156250 0.652038 0.150391 0.650470 0.148438 0.650470 0.140625 0.648903 0.138672 0.648903 0.136719 0.645768 0.132812 0.645768 0.130859 0.644201 0.128906 0.642633 0.128906 0.641066 0.126953 0.636364 0.126953 0.634796 0.125000
0 0.810345 0.056641 0.807210 0.060547 0.807210 0.066406 0.808777 0.068359 0.815047 0.068359 0.815047 0.066406 0.818182 0.062500 0.816614 0.060547 0.816614 0.058594 0.815047 0.056641
0 0.876176 0.060547 0.873041 0.064453 0.871473 0.064453 0.869906 0.066406 0.868339 0.066406 0.866771 0.068359 0.866771 0.072266 0.865204 0.074219 0.865204 0.076172 0.863636 0.078125 0.863636 0.085938 0.865204 0.087891 0.865204 0.089844 0.866771 0.091797 0.866771 0.095703 0.868339 0.097656 0.869906 0.097656 0.874608 0.103516 0.876176 0.103516 0.877743 0.105469 0.887147 0.105469 0.891850 0.099609 0.893417 0.099609 0.893417 0.097656 0.894984 0.095703 0.894984 0.070312 0.893417 0.068359 0.891850 0.068359 0.890282 0.066406 0.890282 0.064453 0.888715 0.062500 0.887147 0.062500 0.885580 0.060547
0 0.971787 0.001953 0.974922 0.001953 0.981191 0.009766 0.981191 0.011719 0.982759 0.013672 0.996865 0.013672 0.996865 0.001953