0 0.106928 0.001953 0.105422 0.003906 0.103916 0.003906 0.102410 0.005859 0.103916 0.007812 0.103916 0.009766 0.108434 0.009766 0.114458 0.001953
0 0.186747 0.128906 0.186747 0.134766 0.188253 0.136719 0.191265 0.136719 0.192771 0.134766 0.192771 0.130859 0.191265 0.128906
0 0.150602 0.166016 0.149096 0.167969 0.149096 0.181641 0.150602 0.183594 0.159639 0.183594 0.162651 0.179688 0.161145 0.177734 0.161145 0.171875 0.159639 0.169922 0.158133 0.169922 0.156627 0.167969 0.155120 0.167969 0.153614 0.166016
0 0.054217 0.121094 0.052711 0.123047 0.051205 0.123047 0.049699 0.125000 0.049699 0.126953 0.048193 0.128906 0.046687 0.128906 0.045181 0.130859 0.045181 0.132812 0.043675 0.134766 0.043675 0.136719 0.042169 0.138672 0.042169 0.162109 0.043675 0.164062 0.043675 0.166016 0.052711 0.177734 0.054217 0.177734 0.055723 0.179688 0.057229 0.179688 0.058735 0.181641 0.064759 0.181641 0.066265 0.179688 0.073795 0.179688 0.078313 0.173828 0.078313 0.171875 0.079819 0.169922 0.079819 0.167969 0.081325 0.166016 0.081325 0.158203 0.082831 0.156250 0.082831 0.144531 0.081325 0.142578 0.081325 0.140625 0.078313 0.136719 0.078313 0.134766 0.076807 0.132812 0.076807 0.130859 0.075301 0.128906 0.073795 0.128906 0.070783 0.125000 0.070783 0.123047 0.069277 0.123047 0.067771 0.121094
0 0.019578 0.255859 0.018072 0.257812 0.016566 0.257812 0.015060 0.259766 0.013554 0.259766 0.013554 0.273438 0.015060 0.275391 0.015060 0.281250 0.016566 0.283203 0.016566 0.285156 0.018072 0.287109 0.022590 0.287109 0.024096 0.289062 0.025602 0.289062 0.027108 0.287109 0.030120 0.287109 0.031627 0.285156 0.033133 0.285156 0.034639 0.283203 0.034639 0.281250 0.036145 0.279297 0.037651 0.279297 0.037651 0.271484 0.034639 0.267578 0.034639 0.263672 0.033133 0.261719 0.031627 0.261719 0.030120 0.259766 0.028614 0.259766 0.027108 0.257812 0.025602 0.257812 0.024096 0.255859
0 0.207831 0.273438 0.206325 0.275391 0.206325 0.279297 0.209337 0.283203 0.213855 0.283203 0.215361 0.281250 0.215361 0.277344 0.213855 0.275391 0.213855 0.273438
0 0.206325 0.283203 0.204819 0.285156 0.204819 0.289062 0.207831 0.292969 0.210843 0.292969 0.212349 0.291016 0.212349 0.285156 0.209337 0.285156 0.207831 0.283203
0 0.240964 0.283203 0.240964 0.285156 0.239458 0.287109 0.239458 0.296875 0.240964 0.296875 0.242470 0.298828 0.245482 0.298828 0.246988 0.296875 0.248494 0.296875 0.248494 0.294922 0.250000 0.292969 0.250000 0.285156 0.248494 0.283203
0 0.262048 0.324219 0.254518 0.333984 0.254518 0.335938 0.253012 0.337891 0.253012 0.349609 0.256024 0.353516 0.256024 0.355469 0.260542 0.361328 0.266566 0.361328 0.268072 0.359375 0.269578 0.359375 0.272590 0.355469 0.272590 0.353516 0.275602 0.349609 0.275602 0.337891 0.274096 0.335938 0.274096 0.333984 0.272590 0.332031 0.272590 0.330078 0.271084 0.328125 0.271084 0.324219
0 0.170181 0.328125 0.168675 0.330078 0.167169 0.330078 0.167169 0.335938 0.165663 0.337891 0.165663 0.339844 0.167169 0.341797 0.167169 0.345703 0.168675 0.347656 0.179217 0.347656 0.180723 0.345703 0.180723 0.343750 0.182229 0.341797 0.182229 0.337891 0.180723 0.335938 0.180723 0.333984 0.179217 0.332031 0.177711 0.332031 0.176205 0.330078 0.173193 0.330078 0.171687 0.328125
0 0.195783 0.373047 0.194277 0.375000 0.194277 0.382812 0.195783 0.384766 0.195783 0.386719 0.198795 0.390625 0.200301 0.388672 0.201807 0.388672 0.203313 0.386719 0.204819 0.386719 0.206325 0.384766 0.207831 0.384766 0.209337 0.382812 0.209337 0.376953 0.206325 0.373047
0 0.118976 0.355469 0.117470 0.357422 0.117470 0.359375 0.114458 0.363281 0.114458 0.367188 0.115964 0.369141 0.115964 0.373047 0.117470 0.375000 0.117470 0.380859 0.120482 0.384766 0.120482 0.386719 0.126506 0.386719 0.129518 0.382812 0.131024 0.382812 0.132530 0.380859 0.134036 0.380859 0.135542 0.378906 0.135542 0.361328 0.132530 0.357422 0.131024 0.357422 0.129518 0.355469
0 0.040663 0.404297 0.039157 0.406250 0.036145 0.406250 0.036145 0.412109 0.034639 0.414062 0.034639 0.421875 0.036145 0.423828 0.036145 0.427734 0.054217 0.427734 0.055723 0.425781 0.055723 0.423828 0.057229 0.421875 0.057229 0.417969 0.055723 0.416016 0.055723 0.414062 0.054217 0.412109 0.054217 0.410156 0.049699 0.404297
0 0.105422 0.669922 0.103916 0.671875 0.099398 0.671875 0.097892 0.673828 0.096386 0.673828 0.094880 0.675781 0.093373 0.675781 0.091867 0.677734 0.091867 0.679688 0.090361 0.681641 0.090361 0.685547 0.088855 0.687500 0.088855 0.691406 0.087349 0.693359 0.087349 0.695312 0.085843 0.697266 0.085843 0.705078 0.087349 0.707031 0.087349 0.710938 0.088855 0.712891 0.090361 0.712891 0.097892 0.722656 0.117470 0.722656 0.118976 0.720703 0.120482 0.720703 0.120482 0.714844 0.121988 0.712891 0.121988 0.710938 0.123494 0.708984 0.123494 0.705078 0.125000 0.703125 0.125000 0.697266 0.126506 0.695312 0.126506 0.689453 0.120482 0.681641 0.120482 0.679688 0.118976 0.677734 0.117470 0.677734 0.111446 0.669922
0 0.266566 0.689453 0.265060 0.691406 0.265060 0.701172 0.266566 0.701172 0.268072 0.703125 0.271084 0.703125 0.275602 0.697266 0.275602 0.691406 0.274096 0.691406 0.272590 0.689453
0 0.233434 0.716797 0.231928 0.718750 0.231928 0.722656 0.233434 0.724609 0.234940 0.724609 0.236446 0.722656 0.237952 0.722656 0.237952 0.718750 0.236446 0.716797
0 0.231928 0.779297 0.231928 0.783203 0.230422 0.785156 0.230422 0.791016 0.231928 0.792969 0.231928 0.794922 0.240964 0.794922 0.240964 0.791016 0.242470 0.789062 0.242470 0.781250 0.240964 0.779297
0 0.298193 0.878906 0.293675 0.884766 0.293675 0.888672 0.292169 0.890625 0.293675 0.892578 0.293675 0.894531 0.295181 0.896484 0.295181 0.898438 0.296687 0.898438 0.298193 0.900391 0.308735 0.900391 0.308735 0.882812 0.307229 0.880859 0.307229 0.878906
0 0.340361 0.984375 0.338855 0.986328 0.331325 0.986328 0.329819 0.988281 0.328313 0.988281 0.326807 0.990234 0.325301 0.990234 0.323795 0.992188 0.322289 0.992188 0.319277 0.996094 0.317771 0.996094 0.316265 0.998047 0.314759 0.998047 0.349398 0.998047 0.349398 0.992188 0.347892 0.990234 0.347892 0.988281 0.346386 0.986328 0.343373 0.986328 0.341867 0.984375
0 0.554217 0.964844 0.551205 0.968750 0.548193 0.968750 0.542169 0.976562 0.540663 0.976562 0.540663 0.978516 0.534639 0.986328 0.533133 0.986328 0.533133 0.996094 0.534639 0.998047 0.570783 0.998047 0.570783 0.994141 0.569277 0.992188 0.569277 0.986328 0.567771 0.984375 0.567771 0.976562 0.566265 0.974609 0.566265 0.968750 0.564759 0.968750 0.563253 0.966797 0.561747 0.966797 0.560241 0.964844
0 0.504518 0.755859 0.501506 0.759766 0.501506 0.767578 0.507530 0.767578 0.510542 0.763672 0.510542 0.755859
0 0.441265 0.669922 0.435241 0.677734 0.435241 0.695312 0.436747 0.695312 0.438253 0.697266 0.451807 0.697266 0.453313 0.695312 0.453313 0.671875 0.451807 0.669922
0 0.442771 0.626953 0.441265 0.628906 0.438253 0.628906 0.438253 0.640625 0.442771 0.646484 0.442771 0.648438 0.444277 0.648438 0.445783 0.650391 0.451807 0.650391 0.453313 0.652344 0.454819 0.650391 0.456325 0.650391 0.457831 0.648438 0.459337 0.648438 0.459337 0.644531 0.460843 0.642578 0.460843 0.630859 0.457831 0.626953
0 0.543675 0.632812 0.542169 0.634766 0.542169 0.640625 0.543675 0.642578 0.549699 0.642578 0.551205 0.640625 0.551205 0.634766 0.549699 0.634766 0.548193 0.632812
0 0.540663 0.593750 0.539157 0.595703 0.539157 0.599609 0.537651 0.601562 0.537651 0.605469 0.539157 0.607422 0.539157 0.609375 0.540663 0.611328 0.542169 0.611328 0.545181 0.607422 0.546687 0.607422 0.548193 0.605469 0.549699 0.605469 0.551205 0.603516 0.551205 0.599609 0.549699 0.599609 0.548193 0.597656 0.546687 0.597656 0.543675 0.593750
0 0.549699 0.607422 0.548193 0.609375 0.545181 0.609375 0.545181 0.617188 0.546687 0.619141 0.548193 0.619141 0.549699 0.617188 0.551205 0.617188 0.554217 0.613281 0.554217 0.609375 0.552711 0.609375 0.551205 0.607422
0 0.423193 0.578125 0.421687 0.580078 0.418675 0.580078 0.417169 0.582031 0.417169 0.591797 0.418675 0.593750 0.420181 0.593750 0.421687 0.595703 0.423193 0.595703 0.424699 0.593750 0.427711 0.593750 0.429217 0.591797 0.429217 0.580078 0.426205 0.580078 0.424699 0.578125
0 0.397590 0.533203 0.396084 0.535156 0.396084 0.537109 0.394578 0.539062 0.394578 0.546875 0.396084 0.548828 0.396084 0.550781 0.399096 0.554688 0.402108 0.554688 0.403614 0.552734 0.405120 0.552734 0.406627 0.550781 0.406627 0.548828 0.408133 0.546875 0.408133 0.542969 0.406627 0.541016 0.406627 0.537109 0.405120 0.535156 0.403614 0.535156 0.402108 0.533203
0 0.332831 0.546875 0.331325 0.548828 0.329819 0.548828 0.328313 0.550781 0.326807 0.550781 0.326807 0.572266 0.328313 0.574219 0.328313 0.576172 0.331325 0.580078 0.337349 0.580078 0.338855 0.582031 0.341867 0.582031 0.343373 0.580078 0.344880 0.580078 0.347892 0.576172 0.347892 0.572266 0.349398 0.570312 0.350904 0.570312 0.350904 0.568359 0.352410 0.566406 0.352410 0.564453 0.353916 0.562500 0.353916 0.556641 0.352410 0.554688 0.352410 0.552734 0.350904 0.550781 0.349398 0.550781 0.346386 0.546875
0 0.555723 0.167969 0.554217 0.169922 0.552711 0.169922 0.551205 0.171875 0.551205 0.175781 0.549699 0.177734 0.549699 0.183594 0.551205 0.185547 0.551205 0.187500 0.552711 0.189453 0.552711 0.191406 0.555723 0.191406 0.557229 0.193359 0.558735 0.193359 0.563253 0.187500 0.563253 0.177734 0.561747 0.175781 0.561747 0.173828 0.560241 0.171875 0.560241 0.169922 0.558735 0.169922 0.557229 0.167969
0 0.521084 0.150391 0.518072 0.154297 0.518072 0.160156 0.519578 0.162109 0.525602 0.162109 0.527108 0.160156 0.528614 0.160156 0.528614 0.156250 0.527108 0.154297 0.527108 0.152344 0.525602 0.150391
0 0.554217 0.140625 0.552711 0.142578 0.552711 0.148438 0.554217 0.150391 0.554217 0.160156 0.558735 0.160156 0.563253 0.154297 0.566265 0.154297 0.569277 0.150391 0.569277 0.146484 0.567771 0.144531 0.563253 0.144531 0.561747 0.142578 0.560241 0.142578 0.558735 0.140625
0 0.475904 0.083984 0.474398 0.085938 0.472892 0.085938 0.471386 0.087891 0.469880 0.087891 0.469880 0.089844 0.466867 0.093750 0.465361 0.093750 0.463855 0.095703 0.462349 0.095703 0.460843 0.097656 0.460843 0.099609 0.459337 0.101562 0.459337 0.113281 0.460843 0.115234 0.460843 0.117188 0.462349 0.119141 0.462349 0.121094 0.463855 0.121094 0.465361 0.123047 0.468373 0.123047 0.471386 0.126953 0.474398 0.126953 0.475904 0.128906 0.477410 0.128906 0.478916 0.126953 0.480422 0.126953 0.481928 0.125000 0.483434 0.125000 0.487952 0.119141 0.489458 0.119141 0.489458 0.113281 0.490964 0.111328 0.490964 0.109375 0.489458 0.107422 0.489458 0.093750 0.487952 0.091797 0.487952 0.089844 0.484940 0.085938 0.478916 0.085938 0.477410 0.083984
0 0.328313 0.154297 0.325301 0.158203 0.325301 0.162109 0.326807 0.164062 0.326807 0.166016 0.332831 0.166016 0.332831 0.158203 0.331325 0.156250 0.331325 0.154297
0 0.293675 0.179688 0.292169 0.181641 0.289157 0.181641 0.289157 0.183594 0.287651 0.185547 0.286145 0.185547 0.286145 0.201172 0.290663 0.207031 0.302711 0.207031 0.302711 0.203125 0.304217 0.201172 0.304217 0.187500 0.299699 0.181641 0.296687 0.181641 0.295181 0.179688
0 0.212349 0.041016 0.210843 0.042969 0.207831 0.042969 0.206325 0.044922 0.206325 0.052734 0.207831 0.054688 0.207831 0.056641 0.210843 0.060547 0.218373 0.060547 0.219880 0.058594 0.219880 0.052734 0.218373 0.050781 0.218373 0.044922 0.215361 0.041016
0 0.281627 0.085938 0.281627 0.087891 0.280120 0.089844 0.278614 0.089844 0.278614 0.091797 0.275602 0.095703 0.275602 0.097656 0.277108 0.099609 0.277108 0.103516 0.280120 0.107422 0.281627 0.107422 0.283133 0.109375 0.289157 0.109375 0.292169 0.105469 0.293675 0.105469 0.293675 0.101562 0.295181 0.099609 0.295181 0.097656 0.293675 0.095703 0.293675 0.093750 0.289157 0.087891 0.289157 0.085938
0 0.277108 0.107422 0.275602 0.109375 0.274096 0.109375 0.272590 0.111328 0.271084 0.111328 0.269578 0.113281 0.268072 0.113281 0.268072 0.115234 0.266566 0.117188 0.266566 0.123047 0.268072 0.125000 0.268072 0.130859 0.269578 0.132812 0.269578 0.144531 0.272590 0.148438 0.286145 0.148438 0.295181 0.136719 0.295181 0.119141 0.290663 0.113281 0.284639 0.113281 0.281627 0.109375 0.278614 0.109375
0 0.358434 0.060547 0.356928 0.062500 0.355422 0.062500 0.353916 0.064453 0.353916 0.072266 0.356928 0.076172 0.362952 0.076172 0.364458 0.074219 0.367470 0.074219 0.367470 0.066406 0.365964 0.064453 0.365964 0.062500 0.364458 0.062500 0.362952 0.060547
0 0.361446 0.078125 0.359940 0.080078 0.359940 0.097656 0.361446 0.099609 0.361446 0.101562 0.362952 0.099609 0.364458 0.099609 0.367470 0.095703 0.368976 0.095703 0.370482 0.093750 0.371988 0.093750 0.371988 0.091797 0.373494 0.089844 0.373494 0.085938 0.368976 0.080078 0.368976 0.078125
0 0.405120 0.029297 0.403614 0.031250 0.403614 0.035156 0.402108 0.037109 0.402108 0.042969 0.403614 0.044922 0.403614 0.050781 0.405120 0.052734 0.405120 0.054688 0.406627 0.056641 0.412651 0.056641 0.418675 0.048828 0.418675 0.031250 0.417169 0.031250 0.415663 0.029297
0 0.459337 0.035156 0.457831 0.037109 0.454819 0.037109 0.453313 0.039062 0.451807 0.039062 0.451807 0.044922 0.454819 0.048828 0.454819 0.050781 0.456325 0.052734 0.457831 0.052734 0.459337 0.054688 0.462349 0.050781 0.462349 0.048828 0.465361 0.044922 0.465361 0.039062 0.462349 0.035156
0 0.481928 0.003906 0.480422 0.005859 0.477410 0.005859 0.477410 0.007812 0.475904 0.009766 0.475904 0.017578 0.478916 0.021484 0.483434 0.021484 0.487952 0.015625 0.487952 0.007812 0.484940 0.003906
0 0.543675 0.019531 0.542169 0.021484 0.542169 0.027344 0.543675 0.029297 0.543675 0.031250 0.546687 0.031250 0.548193 0.029297 0.548193 0.027344 0.549699 0.025391 0.549699 0.023438 0.548193 0.021484 0.545181 0.021484
0 0.611446 0.142578 0.608434 0.146484 0.608434 0.162109 0.609940 0.164062 0.612952 0.164062 0.614458 0.166016 0.617470 0.166016 0.618976 0.164062 0.620482 0.164062 0.623494 0.160156 0.623494 0.154297 0.625000 0.152344 0.623494 0.150391 0.623494 0.146484 0.621988 0.144531 0.620482 0.144531 0.618976 0.142578
0 0.620482 0.687500 0.618976 0.689453 0.615964 0.689453 0.614458 0.691406 0.612952 0.691406 0.608434 0.697266 0.608434 0.707031 0.609940 0.708984 0.609940 0.712891 0.612952 0.716797 0.612952 0.718750 0.615964 0.722656 0.617470 0.722656 0.618976 0.724609 0.629518 0.724609 0.632530 0.720703 0.634036 0.720703 0.634036 0.718750 0.637048 0.714844 0.637048 0.697266 0.634036 0.693359 0.634036 0.691406 0.632530 0.689453 0.628012 0.689453 0.626506 0.687500
0 0.718373 0.972656 0.718373 0.978516 0.719880 0.978516 0.721386 0.980469 0.722892 0.980469 0.724398 0.978516 0.724398 0.972656
0 0.725904 0.949219 0.724398 0.951172 0.722892 0.951172 0.721386 0.953125 0.721386 0.958984 0.722892 0.960938 0.722892 0.962891 0.724398 0.964844 0.725904 0.964844 0.727410 0.966797 0.728916 0.966797 0.730422 0.964844 0.733434 0.964844 0.734940 0.962891 0.734940 0.951172 0.733434 0.951172 0.731928 0.949219
0 0.728916 0.847656 0.727410 0.849609 0.727410 0.855469 0.731928 0.861328 0.734940 0.857422 0.734940 0.847656
0 0.796687 0.746094 0.795181 0.748047 0.793675 0.748047 0.792169 0.750000 0.792169 0.751953 0.790663 0.753906 0.789157 0.753906 0.789157 0.755859 0.787651 0.757812 0.787651 0.779297 0.789157 0.781250 0.789157 0.787109 0.792169 0.791016 0.792169 0.794922 0.793675 0.796875 0.793675 0.802734 0.795181 0.804688 0.795181 0.806641 0.798193 0.810547 0.798193 0.812500 0.801205 0.816406 0.805723 0.816406 0.807229 0.818359 0.813253 0.818359 0.814759 0.816406 0.816265 0.816406 0.817771 0.814453 0.820783 0.814453 0.820783 0.812500 0.822289 0.810547 0.822289 0.808594 0.826807 0.802734 0.826807 0.798828 0.828313 0.796875 0.828313 0.794922 0.829819 0.792969 0.829819 0.791016 0.831325 0.789062 0.831325 0.779297 0.829819 0.777344 0.829819 0.771484 0.828313 0.769531 0.828313 0.767578 0.826807 0.765625 0.826807 0.763672 0.820783 0.755859 0.820783 0.753906 0.819277 0.753906 0.817771 0.751953 0.816265 0.751953 0.814759 0.750000 0.813253 0.750000 0.811747 0.748047 0.808735 0.748047 0.807229 0.746094
0 0.923193 0.802734 0.921687 0.804688 0.920181 0.804688 0.918675 0.806641 0.918675 0.814453 0.920181 0.816406 0.920181 0.818359 0.927711 0.818359 0.927711 0.816406 0.930723 0.812500 0.930723 0.808594 0.926205 0.802734
0 0.993976 0.794922 0.992470 0.796875 0.990964 0.796875 0.987952 0.800781 0.986446 0.800781 0.986446 0.822266 0.987952 0.824219 0.987952 0.826172 0.989458 0.828125 0.990964 0.828125 0.992470 0.830078 0.996988 0.830078 0.998494 0.828125 0.998494 0.796875 0.996988 0.796875 0.995482 0.794922
0 0.939759 0.697266 0.936747 0.701172 0.935241 0.701172 0.935241 0.712891 0.941265 0.720703 0.944277 0.720703 0.945783 0.722656 0.947289 0.722656 0.950301 0.718750 0.951807 0.718750 0.951807 0.716797 0.953313 0.714844 0.953313 0.705078 0.951807 0.703125 0.951807 0.701172 0.950301 0.701172 0.948795 0.699219 0.947289 0.699219 0.945783 0.697266
0 0.715361 0.648438 0.713855 0.650391 0.712349 0.650391 0.709337 0.654297 0.709337 0.660156 0.707831 0.662109 0.707831 0.667969 0.706325 0.669922 0.706325 0.675781 0.704819 0.677734 0.706325 0.679688 0.706325 0.681641 0.707831 0.681641 0.709337 0.683594 0.730422 0.683594 0.730422 0.681641 0.731928 0.679688 0.733434 0.679688 0.733434 0.667969 0.730422 0.664062 0.730422 0.662109 0.722892 0.652344 0.722892 0.650391 0.721386 0.648438
0 0.742470 0.558594 0.740964 0.560547 0.740964 0.570312 0.742470 0.572266 0.742470 0.574219 0.745482 0.574219 0.746988 0.576172 0.750000 0.576172 0.751506 0.574219 0.751506 0.560547 0.750000 0.558594
0 0.992470 0.527344 0.989458 0.531250 0.989458 0.535156 0.998494 0.546875 0.998494 0.527344
0 0.972892 0.525391 0.972892 0.533203 0.974398 0.535156 0.978916 0.535156 0.981928 0.531250 0.981928 0.529297 0.978916 0.525391
0 0.908133 0.464844 0.908133 0.466797 0.905120 0.470703 0.905120 0.484375 0.917169 0.484375 0.920181 0.480469 0.920181 0.476562 0.917169 0.472656 0.917169 0.470703 0.915663 0.468750 0.914157 0.468750 0.912651 0.466797 0.912651 0.464844
0 0.823795 0.441406 0.822289 0.443359 0.820783 0.443359 0.820783 0.460938 0.823795 0.464844 0.832831 0.464844 0.835843 0.460938 0.835843 0.457031 0.837349 0.455078 0.835843 0.453125 0.835843 0.449219 0.834337 0.447266 0.834337 0.445312 0.832831 0.443359 0.831325 0.443359 0.829819 0.441406
0 0.740964 0.406250 0.740964 0.425781 0.742470 0.427734 0.742470 0.433594 0.743976 0.435547 0.745482 0.435547 0.746988 0.437500 0.750000 0.437500 0.751506 0.435547 0.753012 0.435547 0.754518 0.433594 0.756024 0.433594 0.757530 0.431641 0.757530 0.429688 0.760542 0.425781 0.760542 0.423828 0.762048 0.421875 0.762048 0.416016 0.756024 0.408203 0.754518 0.408203 0.753012 0.406250
0 0.703313 0.384766 0.701807 0.386719 0.701807 0.396484 0.707831 0.396484 0.709337 0.394531 0.709337 0.386719 0.707831 0.384766
0 0.804217 0.291016 0.799699 0.296875 0.799699 0.298828 0.798193 0.300781 0.798193 0.302734 0.796687 0.304688 0.796687 0.308594 0.793675 0.312500 0.793675 0.316406 0.796687 0.320312 0.819277 0.320312 0.819277 0.310547 0.816265 0.306641 0.816265 0.302734 0.811747 0.296875 0.811747 0.294922 0.810241 0.292969 0.810241 0.291016
0 0.829819 0.267578 0.828313 0.269531 0.826807 0.269531 0.825301 0.271484 0.822289 0.271484 0.817771 0.277344 0.817771 0.279297 0.816265 0.281250 0.814759 0.281250 0.814759 0.283203 0.813253 0.285156 0.813253 0.287109 0.811747 0.289062 0.811747 0.292969 0.813253 0.294922 0.813253 0.296875 0.817771 0.302734 0.817771 0.306641 0.819277 0.306641 0.826807 0.316406 0.847892 0.316406 0.847892 0.314453 0.849398 0.312500 0.849398 0.310547 0.850904 0.308594 0.850904 0.306641 0.852410 0.304688 0.852410 0.281250 0.850904 0.279297 0.850904 0.277344 0.849398 0.275391 0.849398 0.273438 0.846386 0.269531 0.844880 0.269531 0.843373 0.267578
0 0.897590 0.267578 0.896084 0.269531 0.894578 0.269531 0.894578 0.279297 0.896084 0.279297 0.899096 0.283203 0.900602 0.283203 0.902108 0.281250 0.903614 0.281250 0.906627 0.277344 0.906627 0.273438 0.905120 0.271484 0.905120 0.269531 0.903614 0.269531 0.902108 0.267578
0 0.789157 0.183594 0.786145 0.187500 0.784639 0.187500 0.780120 0.193359 0.780120 0.195312 0.781627 0.197266 0.781627 0.201172 0.784639 0.205078 0.784639 0.207031 0.787651 0.210938 0.787651 0.212891 0.792169 0.218750 0.796687 0.218750 0.798193 0.220703 0.808735 0.220703 0.810241 0.218750 0.811747 0.218750 0.813253 0.216797 0.813253 0.214844 0.814759 0.212891 0.814759 0.210938 0.816265 0.208984 0.816265 0.207031 0.817771 0.205078 0.817771 0.203125 0.819277 0.201172 0.819277 0.199219 0.820783 0.197266 0.820783 0.195312 0.819277 0.193359 0.819277 0.191406 0.817771 0.189453 0.817771 0.187500 0.816265 0.185547 0.816265 0.183594
0 0.778614 0.152344 0.777108 0.154297 0.777108 0.156250 0.778614 0.158203 0.778614 0.160156 0.783133 0.160156 0.783133 0.156250 0.784639 0.154297 0.783133 0.152344
0 0.840361 0.103516 0.838855 0.105469 0.838855 0.121094 0.840361 0.123047 0.843373 0.123047 0.846386 0.119141 0.847892 0.119141 0.849398 0.117188 0.853916 0.117188 0.853916 0.109375 0.852410 0.107422 0.849398 0.107422 0.846386 0.103516
0 0.897590 0.011719 0.897590 0.019531 0.899096 0.021484 0.903614 0.021484 0.905120 0.019531 0.905120 0.015625 0.903614 0.013672 0.903614 0.011719