0 0.030657 0.181641 0.029197 0.183594 0.027737 0.183594 0.026277 0.185547 0.026277 0.187500 0.024818 0.189453 0.024818 0.193359 0.026277 0.195312 0.026277 0.197266 0.027737 0.199219 0.029197 0.199219 0.030657 0.201172 0.033577 0.201172 0.035036 0.199219 0.036496 0.199219 0.037956 0.197266 0.037956 0.195312 0.039416 0.193359 0.039416 0.189453 0.037956 0.187500 0.037956 0.185547 0.036496 0.183594 0.035036 0.183594 0.033577 0.181641
0 0.255474 0.126953 0.254015 0.128906 0.252555 0.128906 0.249635 0.132812 0.249635 0.138672 0.251095 0.140625 0.251095 0.142578 0.254015 0.142578 0.255474 0.144531 0.258394 0.144531 0.259854 0.142578 0.262774 0.142578 0.262774 0.130859 0.261314 0.128906 0.259854 0.128906 0.258394 0.126953
0 0.259854 0.070312 0.256934 0.074219 0.256934 0.082031 0.259854 0.085938 0.265693 0.085938 0.268613 0.082031 0.268613 0.074219 0.265693 0.070312
0 0.464234 0.068359 0.461314 0.072266 0.461314 0.080078 0.464234 0.083984 0.470073 0.083984 0.471533 0.082031 0.471533 0.070312 0.470073 0.068359
0 0.648175 0.050781 0.646715 0.052734 0.646715 0.054688 0.645255 0.056641 0.645255 0.066406 0.646715 0.068359 0.646715 0.070312 0.648175 0.072266 0.655474 0.072266 0.659854 0.066406 0.659854 0.064453 0.661314 0.062500 0.659854 0.060547 0.659854 0.056641 0.655474 0.050781
0 0.820438 0.009766 0.816058 0.015625 0.816058 0.023438 0.820438 0.029297 0.826277 0.029297 0.830657 0.023438 0.830657 0.015625 0.826277 0.009766
0 0.972263 0.056641 0.970803 0.058594 0.969343 0.058594 0.969343 0.066406 0.972263 0.070312 0.976642 0.070312 0.978102 0.068359 0.979562 0.068359 0.979562 0.064453 0.981022 0.062500 0.979562 0.060547 0.979562 0.058594 0.978102 0.058594 0.976642 0.056641
0 0.684672 0.201172 0.683212 0.203125 0.680292 0.203125 0.680292 0.205078 0.678832 0.207031 0.678832 0.212891 0.681752 0.216797 0.683212 0.216797 0.684672 0.218750 0.687591 0.218750 0.689051 0.216797 0.690511 0.216797 0.693431 0.212891 0.691971 0.210938 0.691971 0.203125 0.689051 0.203125 0.687591 0.201172
0 0.696350 0.199219 0.693431 0.203125 0.693431 0.210938 0.697810 0.216797 0.703650 0.216797 0.708029 0.210938 0.708029 0.203125 0.705109 0.199219
0 0.802920 0.183594 0.802920 0.185547 0.801460 0.187500 0.800000 0.187500 0.800000 0.199219 0.801460 0.199219 0.802920 0.201172 0.802920 0.203125 0.811679 0.203125 0.811679 0.201172 0.813139 0.199219 0.814599 0.199219 0.814599 0.195312 0.816058 0.193359 0.814599 0.191406 0.814599 0.187500 0.813139 0.187500 0.811679 0.185547 0.811679 0.183594
0 0.991241 0.316406 0.985401 0.324219 0.985401 0.330078 0.986861 0.332031 0.986861 0.333984 0.988321 0.333984 0.991241 0.337891 0.995620 0.337891 0.997080 0.335938 0.998540 0.335938 0.998540 0.318359 0.997080 0.318359 0.995620 0.316406
0 0.967883 0.365234 0.964964 0.369141 0.963504 0.369141 0.963504 0.378906 0.967883 0.384766 0.975182 0.384766 0.976642 0.382812 0.976642 0.380859 0.978102 0.378906 0.978102 0.376953 0.979562 0.375000 0.978102 0.373047 0.978102 0.369141 0.975182 0.365234
0 0.887591 0.291016 0.883212 0.296875 0.883212 0.304688 0.884672 0.306641 0.884672 0.308594 0.887591 0.312500 0.894891 0.312500 0.897810 0.308594 0.897810 0.306641 0.899270 0.304688 0.899270 0.296875 0.894891 0.291016
0 0.706569 0.367188 0.705109 0.369141 0.705109 0.373047 0.703650 0.375000 0.703650 0.378906 0.705109 0.380859 0.705109 0.384766 0.706569 0.386719 0.715328 0.386719 0.718248 0.382812 0.718248 0.380859 0.719708 0.378906 0.719708 0.375000 0.718248 0.373047 0.718248 0.371094 0.715328 0.367188
0 0.570803 0.326172 0.567883 0.330078 0.567883 0.337891 0.570803 0.341797 0.576642 0.341797 0.578102 0.339844 0.578102 0.328125 0.576642 0.326172
0 0.522628 0.449219 0.522628 0.451172 0.521168 0.453125 0.519708 0.453125 0.519708 0.462891 0.521168 0.462891 0.522628 0.464844 0.522628 0.466797 0.529927 0.466797 0.532847 0.462891 0.532847 0.453125 0.529927 0.449219
0 0.484672 0.468750 0.483212 0.470703 0.481752 0.470703 0.480292 0.472656 0.480292 0.486328 0.481752 0.488281 0.483212 0.488281 0.484672 0.490234 0.490511 0.490234 0.491971 0.488281 0.493431 0.488281 0.494891 0.486328 0.494891 0.472656 0.493431 0.470703 0.491971 0.470703 0.490511 0.468750
0 0.186861 0.304688 0.186861 0.312500 0.188321 0.314453 0.192701 0.314453 0.194161 0.312500 0.194161 0.310547 0.195620 0.308594 0.194161 0.306641 0.194161 0.304688
0 0.175182 0.339844 0.170803 0.345703 0.169343 0.345703 0.169343 0.347656 0.167883 0.349609 0.167883 0.355469 0.175182 0.365234 0.179562 0.365234 0.181022 0.363281 0.182482 0.363281 0.182482 0.361328 0.186861 0.355469 0.186861 0.349609 0.185401 0.347656 0.185401 0.345703 0.183942 0.345703 0.182482 0.343750 0.182482 0.341797 0.181022 0.341797 0.179562 0.339844
0 0.245255 0.367188 0.245255 0.369141 0.243796 0.371094 0.243796 0.376953 0.245255 0.378906 0.251095 0.378906 0.252555 0.376953 0.252555 0.371094 0.249635 0.367188
0 0.169343 0.539062 0.166423 0.542969 0.166423 0.544922 0.164964 0.546875 0.164964 0.556641 0.169343 0.562500 0.176642 0.562500 0.178102 0.560547 0.179562 0.560547 0.182482 0.556641 0.182482 0.552734 0.183942 0.550781 0.182482 0.548828 0.182482 0.546875 0.181022 0.544922 0.181022 0.542969 0.179562 0.541016 0.178102 0.541016 0.176642 0.539062
0 0.018978 0.634766 0.017518 0.636719 0.017518 0.638672 0.016058 0.640625 0.016058 0.646484 0.017518 0.648438 0.017518 0.650391 0.018978 0.652344 0.024818 0.652344 0.026277 0.650391 0.026277 0.648438 0.027737 0.646484 0.027737 0.640625 0.026277 0.638672 0.026277 0.636719 0.024818 0.634766
0 0.055474 0.613281 0.054015 0.615234 0.052555 0.615234 0.051095 0.617188 0.051095 0.619141 0.049635 0.621094 0.049635 0.626953 0.051095 0.628906 0.051095 0.630859 0.052555 0.632812 0.054015 0.632812 0.055474 0.634766 0.059854 0.634766 0.062774 0.630859 0.064234 0.630859 0.064234 0.628906 0.065693 0.626953 0.065693 0.621094 0.059854 0.613281
0 0.308029 0.630859 0.303650 0.636719 0.303650 0.644531 0.308029 0.650391 0.313869 0.650391 0.318248 0.644531 0.318248 0.636719 0.313869 0.630859
0 0.335766 0.617188 0.332847 0.621094 0.331387 0.621094 0.331387 0.628906 0.335766 0.634766 0.340146 0.634766 0.344526 0.628906 0.344526 0.621094 0.343066 0.621094 0.340146 0.617188
0 0.417518 0.646484 0.417518 0.648438 0.416058 0.650391 0.414599 0.650391 0.414599 0.658203 0.417518 0.662109 0.424818 0.662109 0.426277 0.660156 0.426277 0.650391 0.423358 0.646484
0 0.417518 0.705078 0.413139 0.710938 0.413139 0.714844 0.417518 0.720703 0.420438 0.720703 0.424818 0.714844 0.424818 0.710938 0.420438 0.705078
0 0.600000 0.687500 0.595620 0.693359 0.595620 0.695312 0.594161 0.697266 0.594161 0.703125 0.595620 0.705078 0.595620 0.707031 0.597080 0.708984 0.598540 0.708984 0.600000 0.710938 0.605839 0.710938 0.607299 0.708984 0.608759 0.708984 0.610219 0.707031 0.610219 0.705078 0.611679 0.703125 0.611679 0.697266 0.610219 0.695312 0.610219 0.693359 0.605839 0.687500
0 0.651095 0.673828 0.649635 0.675781 0.648175 0.675781 0.643796 0.681641 0.643796 0.689453 0.645255 0.691406 0.645255 0.693359 0.646715 0.693359 0.648175 0.695312 0.649635 0.695312 0.651095 0.697266 0.655474 0.697266 0.656934 0.695312 0.658394 0.695312 0.659854 0.693359 0.659854 0.691406 0.661314 0.689453 0.661314 0.681641 0.659854 0.679688 0.659854 0.677734 0.658394 0.675781 0.656934 0.675781 0.655474 0.673828
0 0.715328 0.683594 0.713869 0.685547 0.712409 0.685547 0.712409 0.687500 0.710949 0.689453 0.710949 0.699219 0.712409 0.701172 0.712409 0.703125 0.713869 0.703125 0.715328 0.705078 0.721168 0.705078 0.722628 0.703125 0.724088 0.703125 0.727007 0.699219 0.727007 0.689453 0.724088 0.685547 0.722628 0.685547 0.721168 0.683594
0 0.624818 0.761719 0.623358 0.763672 0.623358 0.769531 0.626277 0.773438 0.629197 0.773438 0.629197 0.771484 0.630657 0.769531 0.630657 0.763672 0.629197 0.761719
0 0.591241 0.839844 0.589781 0.841797 0.589781 0.855469 0.591241 0.857422 0.592701 0.857422 0.594161 0.859375 0.598540 0.859375 0.600000 0.857422 0.601460 0.857422 0.602920 0.855469 0.602920 0.853516 0.604380 0.851562 0.604380 0.845703 0.602920 0.843750 0.602920 0.841797 0.601460 0.839844
0 0.366423 0.859375 0.360584 0.867188 0.360584 0.875000 0.362044 0.876953 0.362044 0.878906 0.364964 0.882812 0.375182 0.882812 0.378102 0.878906 0.378102 0.876953 0.379562 0.875000 0.379562 0.867188 0.375182 0.861328 0.373723 0.861328 0.372263 0.859375
0 0.183942 0.837891 0.181022 0.841797 0.181022 0.843750 0.179562 0.845703 0.179562 0.853516 0.183942 0.859375 0.189781 0.859375 0.191241 0.857422 0.192701 0.857422 0.195620 0.853516 0.195620 0.845703 0.194161 0.843750 0.194161 0.841797 0.192701 0.839844 0.191241 0.839844 0.189781 0.837891
0 0.045255 0.839844 0.043796 0.841797 0.042336 0.841797 0.039416 0.845703 0.039416 0.855469 0.040876 0.857422 0.040876 0.859375 0.042336 0.861328 0.043796 0.861328 0.045255 0.863281 0.052555 0.863281 0.055474 0.859375 0.055474 0.857422 0.056934 0.855469 0.056934 0.853516 0.058394 0.851562 0.056934 0.849609 0.056934 0.845703 0.052555 0.839844
0 0.110949 0.726562 0.109489 0.728516 0.108029 0.728516 0.108029 0.730469 0.106569 0.732422 0.106569 0.740234 0.108029 0.742188 0.108029 0.744141 0.110949 0.748047 0.118248 0.748047 0.121168 0.744141 0.121168 0.742188 0.122628 0.740234 0.122628 0.732422 0.121168 0.730469 0.121168 0.728516 0.119708 0.728516 0.118248 0.726562
0 0.059854 0.767578 0.059854 0.777344 0.065693 0.777344 0.067153 0.775391 0.067153 0.773438 0.068613 0.771484 0.065693 0.767578
0 0.913869 0.878906 0.912409 0.880859 0.912409 0.886719 0.913869 0.888672 0.918248 0.888672 0.919708 0.886719 0.919708 0.884766 0.921168 0.882812 0.918248 0.878906
0 0.978102 0.654297 0.976642 0.656250 0.975182 0.656250 0.973723 0.658203 0.973723 0.666016 0.975182 0.667969 0.976642 0.667969 0.978102 0.669922 0.982482 0.669922 0.983942 0.667969 0.985401 0.667969 0.986861 0.666016 0.986861 0.658203 0.985401 0.656250 0.983942 0.656250 0.982482 0.654297
0 0.916788 0.607422 0.916788 0.609375 0.915328 0.611328 0.915328 0.621094 0.916788 0.623047 0.925547 0.623047 0.927007 0.621094 0.927007 0.617188 0.928467 0.615234 0.927007 0.613281 0.927007 0.611328 0.924088 0.607422
0 0.941606 0.548828 0.940146 0.550781 0.940146 0.556641 0.941606 0.558594 0.945985 0.558594 0.947445 0.556641 0.947445 0.550781 0.945985 0.548828
0 0.102190 0.894531 0.100730 0.896484 0.100730 0.898438 0.099270 0.900391 0.099270 0.902344 0.113869 0.902344 0.113869 0.896484 0.112409 0.896484 0.110949 0.894531
0 0.789781 0.160156 0.788321 0.162109 0.786861 0.162109 0.785401 0.164062 0.783942 0.164062 0.783942 0.179688 0.785401 0.181641 0.785401 0.183594 0.786861 0.183594 0.788321 0.185547 0.795620 0.185547 0.797080 0.183594 0.798540 0.183594 0.801460 0.179688 0.801460 0.177734 0.802920 0.175781 0.802920 0.166016 0.798540 0.160156