0 0.373134 0.001953 0.371269 0.003906 0.367537 0.003906 0.367537 0.005859 0.365672 0.007812 0.365672 0.023438 0.367537 0.025391 0.369403 0.025391 0.373134 0.029297 0.382463 0.029297 0.386194 0.025391 0.388060 0.025391 0.389925 0.023438 0.389925 0.007812 0.388060 0.005859 0.388060 0.003906 0.384328 0.003906 0.382463 0.001953
0 0.408582 0.179688 0.404851 0.183594 0.402985 0.183594 0.401119 0.185547 0.399254 0.185547 0.399254 0.189453 0.397388 0.191406 0.397388 0.193359 0.395522 0.195312 0.395522 0.205078 0.399254 0.208984 0.399254 0.212891 0.401119 0.214844 0.404851 0.214844 0.408582 0.218750 0.417910 0.218750 0.419776 0.216797 0.421642 0.216797 0.423507 0.214844 0.427239 0.214844 0.427239 0.212891 0.429104 0.210938 0.429104 0.208984 0.432836 0.205078 0.432836 0.195312 0.430970 0.193359 0.430970 0.191406 0.429104 0.189453 0.429104 0.187500 0.425373 0.183594 0.423507 0.183594 0.421642 0.181641 0.419776 0.181641 0.417910 0.179688
0 0.507463 0.175781 0.505597 0.177734 0.503731 0.177734 0.501866 0.179688 0.500000 0.179688 0.496269 0.183594 0.496269 0.185547 0.494403 0.187500 0.494403 0.203125 0.496269 0.205078 0.496269 0.207031 0.498134 0.208984 0.500000 0.208984 0.503731 0.212891 0.505597 0.212891 0.507463 0.214844 0.516791 0.214844 0.518657 0.212891 0.520522 0.212891 0.524254 0.208984 0.526119 0.208984 0.527985 0.207031 0.527985 0.205078 0.529851 0.203125 0.529851 0.201172 0.531716 0.199219 0.531716 0.189453 0.527985 0.185547 0.527985 0.183594 0.524254 0.179688 0.522388 0.179688 0.520522 0.177734 0.518657 0.177734 0.516791 0.175781
0 0.608209 0.128906 0.604478 0.132812 0.602612 0.132812 0.602612 0.134766 0.600746 0.136719 0.600746 0.150391 0.602612 0.152344 0.602612 0.154297 0.604478 0.154297 0.608209 0.158203 0.621269 0.158203 0.621269 0.156250 0.623134 0.154297 0.626866 0.154297 0.626866 0.152344 0.628731 0.150391 0.628731 0.146484 0.630597 0.144531 0.628731 0.142578 0.628731 0.136719 0.625000 0.132812 0.623134 0.132812 0.621269 0.130859 0.621269 0.128906
0 0.425373 0.398438 0.423507 0.400391 0.421642 0.400391 0.417910 0.404297 0.417910 0.410156 0.419776 0.412109 0.419776 0.414062 0.421642 0.416016 0.432836 0.416016 0.434701 0.414062 0.434701 0.402344 0.432836 0.400391 0.430970 0.400391 0.429104 0.398438
0 0.559701 0.455078 0.557836 0.457031 0.554104 0.457031 0.554104 0.460938 0.552239 0.462891 0.552239 0.468750 0.554104 0.470703 0.554104 0.474609 0.555970 0.476562 0.569030 0.476562 0.572761 0.472656 0.572761 0.458984 0.570896 0.457031 0.567164 0.457031 0.565299 0.455078
0 0.399254 0.337891 0.399254 0.341797 0.404851 0.341797 0.404851 0.337891
0 0.781716 0.345703 0.779851 0.347656 0.777985 0.347656 0.776119 0.349609 0.776119 0.351562 0.774254 0.353516 0.774254 0.361328 0.776119 0.363281 0.776119 0.365234 0.779851 0.369141 0.792910 0.369141 0.796642 0.365234 0.796642 0.363281 0.798507 0.361328 0.798507 0.353516 0.796642 0.351562 0.796642 0.349609 0.794776 0.347656 0.792910 0.347656 0.791045 0.345703
0 0.804104 0.515625 0.800373 0.519531 0.800373 0.521484 0.798507 0.523438 0.796642 0.523438 0.796642 0.537109 0.800373 0.541016 0.800373 0.542969 0.802239 0.542969 0.804104 0.544922 0.817164 0.544922 0.819030 0.542969 0.820896 0.542969 0.822761 0.541016 0.822761 0.539062 0.824627 0.537109 0.824627 0.533203 0.826493 0.531250 0.824627 0.529297 0.824627 0.523438 0.817164 0.515625
0 0.830224 0.580078 0.828358 0.582031 0.826493 0.582031 0.817164 0.591797 0.817164 0.593750 0.815299 0.595703 0.815299 0.609375 0.817164 0.611328 0.817164 0.613281 0.826493 0.623047 0.828358 0.623047 0.830224 0.625000 0.843284 0.625000 0.845149 0.623047 0.847015 0.623047 0.856343 0.613281 0.856343 0.611328 0.858209 0.609375 0.858209 0.595703 0.856343 0.593750 0.856343 0.591797 0.847015 0.582031 0.845149 0.582031 0.843284 0.580078
0 0.292910 0.515625 0.292910 0.517578 0.291045 0.519531 0.289179 0.519531 0.285448 0.523438 0.285448 0.535156 0.289179 0.539062 0.291045 0.539062 0.292910 0.541016 0.292910 0.542969 0.304104 0.542969 0.307836 0.539062 0.309701 0.539062 0.309701 0.537109 0.311567 0.535156 0.311567 0.523438 0.309701 0.521484 0.309701 0.519531 0.307836 0.519531 0.304104 0.515625
0 0.434701 0.558594 0.432836 0.560547 0.430970 0.560547 0.430970 0.562500 0.427239 0.566406 0.427239 0.576172 0.430970 0.580078 0.430970 0.582031 0.432836 0.582031 0.436567 0.585938 0.445896 0.585938 0.449627 0.582031 0.451493 0.582031 0.451493 0.580078 0.453358 0.578125 0.453358 0.564453 0.451493 0.562500 0.451493 0.560547 0.449627 0.560547 0.447761 0.558594
0 0.412313 0.644531 0.404851 0.652344 0.404851 0.664062 0.412313 0.671875 0.423507 0.671875 0.430970 0.664062 0.430970 0.652344 0.423507 0.644531
0 0.643657 0.876953 0.641791 0.878906 0.639925 0.878906 0.639925 0.880859 0.636194 0.884766 0.634328 0.884766 0.634328 0.888672 0.632463 0.890625 0.632463 0.896484 0.634328 0.898438 0.634328 0.902344 0.636194 0.902344 0.639925 0.906250 0.639925 0.908203 0.641791 0.908203 0.643657 0.910156 0.654851 0.910156 0.656716 0.908203 0.658582 0.908203 0.658582 0.906250 0.662313 0.902344 0.664179 0.902344 0.664179 0.898438 0.666045 0.896484 0.666045 0.890625 0.664179 0.888672 0.664179 0.884766 0.662313 0.884766 0.658582 0.880859 0.658582 0.878906 0.656716 0.878906 0.654851 0.876953
0 0.785448 0.751953 0.783582 0.753906 0.781716 0.753906 0.777985 0.757812 0.777985 0.771484 0.781716 0.775391 0.783582 0.775391 0.785448 0.777344 0.792910 0.777344 0.794776 0.775391 0.796642 0.775391 0.796642 0.773438 0.800373 0.769531 0.800373 0.761719 0.798507 0.759766 0.798507 0.757812 0.796642 0.755859 0.796642 0.753906 0.794776 0.753906 0.792910 0.751953
0 0.065299 0.712891 0.055970 0.722656 0.055970 0.738281 0.057836 0.740234 0.059701 0.740234 0.065299 0.746094 0.076493 0.746094 0.078358 0.744141 0.080224 0.744141 0.085821 0.738281 0.085821 0.734375 0.087687 0.732422 0.087687 0.726562 0.085821 0.724609 0.085821 0.722656 0.083955 0.720703 0.083955 0.718750 0.080224 0.714844 0.078358 0.714844 0.076493 0.712891