0 0.002674 0.218750 0.000000 0.222656 0.000000 0.248047 0.001337 0.250000 0.002674 0.250000 0.004011 0.251953 0.008021 0.251953 0.009358 0.250000 0.016043 0.250000 0.017380 0.248047 0.018717 0.248047 0.018717 0.244141 0.020053 0.242188 0.020053 0.226562 0.018717 0.224609 0.018717 0.222656 0.016043 0.218750
0 0.053476 0.148438 0.052139 0.150391 0.049465 0.150391 0.049465 0.152344 0.044118 0.160156 0.044118 0.169922 0.045455 0.171875 0.045455 0.175781 0.046791 0.177734 0.048128 0.177734 0.049465 0.179688 0.050802 0.179688 0.052139 0.181641 0.060160 0.181641 0.062834 0.177734 0.064171 0.177734 0.066845 0.173828 0.066845 0.171875 0.068182 0.169922 0.068182 0.160156 0.065508 0.156250 0.065508 0.154297 0.061497 0.148438
0 0.229947 0.058594 0.228610 0.060547 0.227273 0.060547 0.225936 0.062500 0.224599 0.062500 0.223262 0.064453 0.223262 0.066406 0.221925 0.068359 0.221925 0.072266 0.223262 0.074219 0.223262 0.078125 0.224599 0.080078 0.224599 0.082031 0.227273 0.085938 0.231283 0.085938 0.232620 0.087891 0.233957 0.087891 0.235294 0.085938 0.237968 0.085938 0.237968 0.083984 0.240642 0.080078 0.241979 0.080078 0.243316 0.078125 0.243316 0.066406 0.241979 0.064453 0.241979 0.062500 0.240642 0.060547 0.240642 0.058594
0 0.173797 0.273438 0.172460 0.275391 0.171123 0.275391 0.169786 0.277344 0.167112 0.277344 0.167112 0.287109 0.168449 0.289062 0.168449 0.291016 0.169786 0.292969 0.171123 0.292969 0.173797 0.296875 0.176471 0.296875 0.177807 0.294922 0.180481 0.294922 0.180481 0.292969 0.183155 0.289062 0.183155 0.285156 0.184492 0.283203 0.184492 0.279297 0.180481 0.273438
0 0.262032 0.242188 0.260695 0.244141 0.256684 0.244141 0.252674 0.250000 0.252674 0.251953 0.251337 0.253906 0.251337 0.265625 0.252674 0.267578 0.252674 0.269531 0.255348 0.273438 0.266043 0.273438 0.270053 0.267578 0.271390 0.267578 0.271390 0.263672 0.272727 0.261719 0.272727 0.250000 0.271390 0.248047 0.271390 0.246094 0.270053 0.244141 0.267380 0.244141 0.266043 0.242188
0 0.137701 0.404297 0.136364 0.406250 0.135027 0.406250 0.132353 0.410156 0.132353 0.417969 0.136364 0.423828 0.149733 0.423828 0.149733 0.410156 0.148396 0.408203 0.148396 0.406250 0.147059 0.404297
0 0.237968 0.404297 0.236631 0.406250 0.236631 0.408203 0.235294 0.410156 0.235294 0.412109 0.232620 0.416016 0.232620 0.417969 0.233957 0.419922 0.233957 0.421875 0.236631 0.425781 0.236631 0.427734 0.237968 0.429688 0.237968 0.431641 0.239305 0.431641 0.240642 0.433594 0.250000 0.433594 0.252674 0.429688 0.254011 0.429688 0.254011 0.427734 0.255348 0.425781 0.255348 0.419922 0.256684 0.417969 0.256684 0.416016 0.252674 0.410156 0.252674 0.408203 0.250000 0.404297
0 0.136364 0.554688 0.129679 0.564453 0.129679 0.570312 0.128342 0.572266 0.132353 0.578125 0.132353 0.580078 0.133690 0.582031 0.147059 0.582031 0.149733 0.578125 0.149733 0.576172 0.151070 0.574219 0.151070 0.566406 0.149733 0.564453 0.149733 0.562500 0.145722 0.556641 0.141711 0.556641 0.140374 0.554688
0 0.239305 0.683594 0.232620 0.693359 0.232620 0.695312 0.233957 0.697266 0.233957 0.703125 0.235294 0.705078 0.235294 0.707031 0.236631 0.708984 0.236631 0.710938 0.239305 0.710938 0.240642 0.712891 0.247326 0.712891 0.248663 0.710938 0.252674 0.710938 0.255348 0.707031 0.255348 0.703125 0.256684 0.701172 0.256684 0.699219 0.255348 0.697266 0.255348 0.693359 0.254011 0.691406 0.254011 0.689453 0.252674 0.687500 0.252674 0.685547 0.248663 0.685547 0.247326 0.683594
0 0.290107 0.724609 0.288770 0.726562 0.284759 0.726562 0.283422 0.728516 0.280749 0.728516 0.278075 0.732422 0.278075 0.738281 0.279412 0.740234 0.279412 0.742188 0.280749 0.744141 0.280749 0.746094 0.283422 0.750000 0.286096 0.750000 0.287433 0.751953 0.291444 0.751953 0.292781 0.750000 0.294118 0.750000 0.295455 0.748047 0.296791 0.748047 0.296791 0.740234 0.298128 0.738281 0.298128 0.736328 0.296791 0.734375 0.296791 0.728516 0.295455 0.728516 0.294118 0.726562 0.292781 0.726562 0.291444 0.724609
0 0.364973 0.388672 0.363636 0.390625 0.362299 0.390625 0.362299 0.392578 0.360963 0.394531 0.359626 0.394531 0.358289 0.396484 0.358289 0.398438 0.356952 0.400391 0.356952 0.416016 0.358289 0.417969 0.358289 0.419922 0.360963 0.423828 0.363636 0.423828 0.364973 0.425781 0.368984 0.425781 0.371658 0.421875 0.374332 0.421875 0.375668 0.419922 0.375668 0.416016 0.377005 0.414062 0.377005 0.410156 0.378342 0.408203 0.377005 0.406250 0.377005 0.392578 0.375668 0.390625 0.370321 0.390625 0.368984 0.388672
0 0.601604 0.439453 0.601604 0.441406 0.598930 0.445312 0.598930 0.460938 0.600267 0.462891 0.600267 0.464844 0.601604 0.466797 0.604278 0.466797 0.606952 0.470703 0.608289 0.470703 0.609626 0.472656 0.610963 0.470703 0.616310 0.470703 0.617647 0.468750 0.620321 0.468750 0.622995 0.464844 0.622995 0.462891 0.624332 0.460938 0.624332 0.451172 0.620321 0.445312 0.618984 0.445312 0.617647 0.443359 0.617647 0.441406 0.613636 0.441406 0.612299 0.439453
0 0.449198 0.193359 0.446524 0.197266 0.445187 0.197266 0.443850 0.199219 0.442513 0.199219 0.442513 0.207031 0.443850 0.208984 0.443850 0.210938 0.449198 0.218750 0.450535 0.218750 0.451872 0.220703 0.454545 0.220703 0.455882 0.218750 0.458556 0.218750 0.459893 0.216797 0.461230 0.216797 0.465241 0.210938 0.465241 0.199219 0.463904 0.197266 0.462567 0.197266 0.461230 0.195312 0.455882 0.195312 0.454545 0.193359
0 0.708556 0.332031 0.707219 0.333984 0.704545 0.333984 0.703209 0.335938 0.703209 0.337891 0.700535 0.341797 0.700535 0.353516 0.701872 0.355469 0.701872 0.357422 0.703209 0.359375 0.703209 0.365234 0.705882 0.369141 0.707219 0.369141 0.708556 0.371094 0.712567 0.371094 0.713904 0.369141 0.715241 0.369141 0.719251 0.363281 0.719251 0.361328 0.720588 0.359375 0.720588 0.357422 0.721925 0.355469 0.721925 0.341797 0.720588 0.339844 0.720588 0.337891 0.719251 0.335938 0.717914 0.335938 0.716578 0.333984 0.711230 0.333984 0.709893 0.332031
0 0.792781 0.058594 0.791444 0.060547 0.782086 0.060547 0.780749 0.062500 0.778075 0.062500 0.778075 0.066406 0.776738 0.068359 0.776738 0.070312 0.778075 0.072266 0.778075 0.074219 0.780749 0.078125 0.780749 0.083984 0.782086 0.085938 0.783422 0.085938 0.784759 0.087891 0.794118 0.087891 0.794118 0.085938 0.798128 0.080078 0.798128 0.076172 0.799465 0.074219 0.799465 0.072266 0.798128 0.070312 0.798128 0.064453 0.794118 0.058594
0 0.881016 0.369141 0.878342 0.373047 0.878342 0.380859 0.881016 0.384766 0.881016 0.386719 0.882353 0.388672 0.883690 0.388672 0.885027 0.390625 0.887701 0.390625 0.889037 0.392578 0.898396 0.392578 0.901070 0.388672 0.903743 0.388672 0.903743 0.375000 0.899733 0.369141
0 0.502674 0.806641 0.501337 0.808594 0.501337 0.810547 0.498663 0.814453 0.498663 0.833984 0.502674 0.839844 0.504011 0.839844 0.505348 0.841797 0.506684 0.841797 0.508021 0.839844 0.512032 0.839844 0.513369 0.837891 0.514706 0.837891 0.516043 0.835938 0.517380 0.835938 0.518717 0.833984 0.518717 0.830078 0.520053 0.828125 0.520053 0.818359 0.518717 0.816406 0.518717 0.810547 0.517380 0.808594 0.514706 0.808594 0.513369 0.806641
0 0.469251 0.914062 0.463904 0.921875 0.463904 0.925781 0.462567 0.927734 0.462567 0.929688 0.466578 0.935547 0.466578 0.937500 0.469251 0.941406 0.477273 0.941406 0.478610 0.943359 0.479947 0.941406 0.482620 0.941406 0.485294 0.937500 0.485294 0.933594 0.486631 0.931641 0.486631 0.927734 0.487968 0.925781 0.486631 0.923828 0.486631 0.921875 0.482620 0.916016 0.482620 0.914062
0 0.680481 0.820312 0.679144 0.822266 0.679144 0.824219 0.676471 0.828125 0.676471 0.841797 0.677807 0.843750 0.677807 0.845703 0.679144 0.847656 0.679144 0.849609 0.681818 0.853516 0.684492 0.853516 0.685829 0.855469 0.691176 0.855469 0.696524 0.847656 0.696524 0.845703 0.697861 0.843750 0.697861 0.832031 0.696524 0.830078 0.696524 0.826172 0.695187 0.824219 0.695187 0.822266 0.693850 0.822266 0.692513 0.820312
0 0.997326 0.785156 0.993316 0.791016 0.990642 0.791016 0.990642 0.792969 0.989305 0.794922 0.989305 0.802734 0.990642 0.804688 0.990642 0.806641 0.993316 0.810547 0.998663 0.810547 0.998663 0.785156