0 0.041016 0.793372 0.039062 0.795322 0.037109 0.795322 0.035156 0.797271 0.033203 0.797271 0.031250 0.799220 0.031250 0.801170 0.029297 0.803119 0.029297 0.820663 0.031250 0.822612 0.033203 0.822612 0.035156 0.824561 0.039062 0.824561 0.042969 0.828460 0.046875 0.828460 0.048828 0.826511 0.052734 0.826511 0.058594 0.820663 0.058594 0.818713 0.060547 0.816764 0.060547 0.805068 0.054688 0.799220 0.054688 0.797271 0.052734 0.795322 0.048828 0.795322 0.046875 0.793372
0 0.074219 0.805068 0.072266 0.807018 0.068359 0.807018 0.062500 0.812865 0.062500 0.824561 0.066406 0.828460 0.066406 0.830409 0.068359 0.832359 0.070312 0.832359 0.074219 0.836257 0.087891 0.836257 0.087891 0.832359 0.091797 0.828460 0.091797 0.826511 0.093750 0.824561 0.093750 0.820663 0.091797 0.818713 0.091797 0.810916 0.089844 0.810916 0.085938 0.807018 0.083984 0.807018 0.082031 0.805068
0 0.060547 0.838207 0.058594 0.840156 0.056641 0.840156 0.054688 0.842105 0.054688 0.844055 0.052734 0.846004 0.052734 0.857700 0.056641 0.861598 0.056641 0.863548 0.058594 0.863548 0.060547 0.865497 0.060547 0.867446 0.064453 0.871345 0.066406 0.871345 0.068359 0.873294 0.078125 0.873294 0.080078 0.871345 0.080078 0.869396 0.082031 0.867446 0.082031 0.865497 0.083984 0.863548 0.085938 0.863548 0.085938 0.861598 0.087891 0.859649 0.087891 0.846004 0.080078 0.838207
0 0.099609 0.855750 0.097656 0.857700 0.091797 0.857700 0.091797 0.859649 0.089844 0.861598 0.087891 0.861598 0.087891 0.863548 0.085938 0.865497 0.085938 0.867446 0.083984 0.869396 0.083984 0.879142 0.085938 0.881092 0.085938 0.883041 0.087891 0.884990 0.087891 0.886940 0.091797 0.890838 0.093750 0.890838 0.095703 0.892788 0.105469 0.892788 0.115234 0.883041 0.115234 0.881092 0.117188 0.879142 0.117188 0.877193 0.119141 0.875244 0.119141 0.867446 0.117188 0.865497 0.117188 0.863548 0.115234 0.861598 0.113281 0.861598 0.111328 0.859649 0.111328 0.857700 0.109375 0.855750
0 0.126953 0.875244 0.125000 0.877193 0.121094 0.877193 0.121094 0.879142 0.111328 0.888889 0.111328 0.904483 0.113281 0.906433 0.113281 0.908382 0.115234 0.908382 0.119141 0.912281 0.123047 0.912281 0.125000 0.914230 0.132812 0.914230 0.134766 0.912281 0.140625 0.912281 0.142578 0.910331 0.142578 0.894737 0.140625 0.892788 0.140625 0.884990 0.130859 0.875244
0 0.154297 0.871345 0.152344 0.873294 0.150391 0.873294 0.148438 0.875244 0.146484 0.875244 0.144531 0.877193 0.144531 0.902534 0.146484 0.902534 0.148438 0.904483 0.148438 0.906433 0.150391 0.908382 0.156250 0.908382 0.158203 0.906433 0.162109 0.906433 0.166016 0.902534 0.169922 0.902534 0.175781 0.896686 0.175781 0.884990 0.173828 0.883041 0.173828 0.879142 0.169922 0.875244 0.167969 0.875244 0.166016 0.873294 0.164062 0.873294 0.162109 0.871345
0 0.166016 0.904483 0.162109 0.908382 0.160156 0.908382 0.158203 0.910331 0.158203 0.912281 0.156250 0.914230 0.156250 0.929825 0.158203 0.931774 0.160156 0.931774 0.164062 0.935673 0.167969 0.935673 0.169922 0.937622 0.171875 0.935673 0.177734 0.935673 0.179688 0.933723 0.181641 0.933723 0.185547 0.929825 0.187500 0.929825 0.187500 0.927875 0.189453 0.925926 0.189453 0.923977 0.193359 0.920078 0.193359 0.914230 0.191406 0.912281 0.191406 0.908382 0.189453 0.908382 0.185547 0.904483
0 0.201172 0.920078 0.199219 0.922027 0.193359 0.922027 0.191406 0.923977 0.191406 0.927875 0.187500 0.931774 0.185547 0.931774 0.185547 0.933723 0.181641 0.937622 0.181641 0.955166 0.183594 0.957115 0.183594 0.959064 0.187500 0.959064 0.191406 0.962963 0.193359 0.962963 0.195312 0.964912 0.197266 0.964912 0.199219 0.966862 0.205078 0.966862 0.207031 0.964912 0.208984 0.964912 0.212891 0.961014 0.214844 0.961014 0.216797 0.959064 0.218750 0.959064 0.218750 0.953216 0.220703 0.951267 0.220703 0.933723 0.218750 0.931774 0.218750 0.927875 0.212891 0.922027 0.210938 0.922027 0.208984 0.920078
0 0.236328 0.918129 0.234375 0.920078 0.232422 0.920078 0.228516 0.923977 0.226562 0.923977 0.224609 0.925926 0.224609 0.927875 0.222656 0.929825 0.222656 0.941520 0.224609 0.943470 0.224609 0.945419 0.226562 0.945419 0.232422 0.951267 0.234375 0.951267 0.236328 0.949318 0.238281 0.949318 0.240234 0.947368 0.244141 0.947368 0.246094 0.945419 0.250000 0.945419 0.250000 0.937622 0.251953 0.935673 0.251953 0.925926 0.246094 0.920078 0.244141 0.920078 0.242188 0.918129
0 0.240234 0.949318 0.238281 0.951267 0.236328 0.951267 0.230469 0.957115 0.228516 0.957115 0.228516 0.959064 0.226562 0.961014 0.226562 0.962963 0.228516 0.964912 0.228516 0.968811 0.232422 0.972710 0.232422 0.974659 0.236328 0.978558 0.238281 0.978558 0.240234 0.980507 0.242188 0.980507 0.244141 0.982456 0.248047 0.982456 0.250000 0.984405 0.251953 0.984405 0.253906 0.982456 0.257812 0.982456 0.261719 0.978558 0.263672 0.978558 0.263672 0.976608 0.265625 0.974659 0.265625 0.962963 0.263672 0.961014 0.263672 0.959064 0.257812 0.953216 0.257812 0.951267 0.255859 0.949318
0 0.269531 0.910331 0.267578 0.912281 0.261719 0.912281 0.257812 0.916179 0.257812 0.918129 0.253906 0.922027 0.253906 0.939571 0.257812 0.943470 0.257812 0.945419 0.259766 0.947368 0.261719 0.947368 0.263672 0.949318 0.265625 0.949318 0.267578 0.947368 0.273438 0.947368 0.275391 0.945419 0.277344 0.945419 0.281250 0.941520 0.283203 0.941520 0.285156 0.939571 0.289062 0.939571 0.289062 0.922027 0.287109 0.922027 0.277344 0.912281 0.273438 0.912281 0.271484 0.910331
0 0.287109 0.943470 0.285156 0.945419 0.279297 0.945419 0.277344 0.947368 0.275391 0.947368 0.273438 0.949318 0.271484 0.949318 0.267578 0.953216 0.267578 0.968811 0.269531 0.970760 0.269531 0.972710 0.271484 0.972710 0.277344 0.978558 0.287109 0.978558 0.289062 0.976608 0.291016 0.976608 0.292969 0.974659 0.294922 0.974659 0.298828 0.970760 0.298828 0.953216 0.294922 0.949318 0.294922 0.947368 0.292969 0.947368 0.289062 0.943470
0 0.357422 0.834308 0.355469 0.836257 0.353516 0.836257 0.351562 0.838207 0.347656 0.838207 0.341797 0.844055 0.341797 0.846004 0.339844 0.847953 0.339844 0.857700 0.341797 0.859649 0.341797 0.863548 0.355469 0.877193 0.359375 0.877193 0.361328 0.875244 0.365234 0.875244 0.367188 0.873294 0.371094 0.873294 0.373047 0.871345 0.375000 0.871345 0.375000 0.869396 0.378906 0.865497 0.378906 0.846004 0.376953 0.844055 0.376953 0.842105 0.373047 0.838207 0.371094 0.838207 0.369141 0.836257 0.369141 0.834308
0 0.191406 0.857700 0.187500 0.861598 0.185547 0.861598 0.183594 0.863548 0.181641 0.863548 0.181641 0.865497 0.177734 0.869396 0.177734 0.884990 0.181641 0.888889 0.181641 0.890838 0.185547 0.894737 0.197266 0.894737 0.205078 0.886940 0.207031 0.886940 0.207031 0.879142 0.208984 0.877193 0.207031 0.875244 0.207031 0.869396 0.199219 0.861598 0.199219 0.859649 0.197266 0.859649 0.195312 0.857700
0 0.164062 0.834308 0.162109 0.836257 0.158203 0.836257 0.154297 0.840156 0.154297 0.842105 0.152344 0.844055 0.152344 0.861598 0.154297 0.863548 0.154297 0.865497 0.158203 0.865497 0.160156 0.867446 0.162109 0.867446 0.164062 0.869396 0.173828 0.869396 0.175781 0.867446 0.175781 0.865497 0.177734 0.863548 0.179688 0.863548 0.181641 0.861598 0.181641 0.859649 0.183594 0.857700 0.183594 0.838207 0.181641 0.838207 0.179688 0.836257 0.171875 0.836257 0.169922 0.834308
0 0.160156 0.793372 0.154297 0.799220 0.154297 0.801170 0.152344 0.803119 0.152344 0.805068 0.150391 0.807018 0.150391 0.818713 0.152344 0.820663 0.152344 0.822612 0.154297 0.824561 0.154297 0.828460 0.158203 0.832359 0.175781 0.832359 0.177734 0.830409 0.179688 0.830409 0.181641 0.828460 0.181641 0.826511 0.185547 0.822612 0.185547 0.816764 0.187500 0.814815 0.185547 0.812865 0.185547 0.807018 0.183594 0.805068 0.183594 0.803119 0.181641 0.801170 0.181641 0.799220 0.179688 0.797271 0.177734 0.797271 0.175781 0.795322 0.173828 0.795322 0.171875 0.793372
0 0.173828 0.762183 0.167969 0.768031 0.167969 0.783626 0.171875 0.787524 0.171875 0.791423 0.173828 0.793372 0.175781 0.793372 0.177734 0.795322 0.179688 0.795322 0.183594 0.799220 0.191406 0.799220 0.193359 0.797271 0.195312 0.797271 0.197266 0.795322 0.201172 0.795322 0.201172 0.775828 0.187500 0.762183
0 0.205078 0.744639 0.201172 0.748538 0.201172 0.750487 0.197266 0.754386 0.195312 0.754386 0.195312 0.768031 0.201172 0.773879 0.203125 0.773879 0.205078 0.775828 0.205078 0.777778 0.208984 0.777778 0.210938 0.779727 0.220703 0.779727 0.226562 0.773879 0.226562 0.756335 0.224609 0.754386 0.224609 0.752437 0.220703 0.748538 0.220703 0.746589 0.218750 0.746589 0.216797 0.744639
0 0.179688 0.719298 0.177734 0.721248 0.175781 0.721248 0.173828 0.723197 0.169922 0.723197 0.167969 0.725146 0.166016 0.725146 0.166016 0.727096 0.164062 0.729045 0.164062 0.730994 0.162109 0.732943 0.162109 0.744639 0.166016 0.748538 0.166016 0.750487 0.171875 0.756335 0.171875 0.758285 0.189453 0.758285 0.195312 0.752437 0.197266 0.752437 0.199219 0.750487 0.199219 0.746589 0.201172 0.744639 0.201172 0.740741 0.203125 0.738791 0.203125 0.734893 0.201172 0.732943 0.201172 0.729045 0.199219 0.727096 0.199219 0.723197 0.193359 0.723197 0.189453 0.719298
0 0.341797 0.754386 0.339844 0.756335 0.333984 0.756335 0.330078 0.760234 0.330078 0.766082 0.328125 0.768031 0.328125 0.779727 0.330078 0.781676 0.330078 0.785575 0.332031 0.787524 0.333984 0.787524 0.337891 0.791423 0.357422 0.791423 0.363281 0.785575 0.363281 0.781676 0.365234 0.779727 0.365234 0.773879 0.367188 0.771930 0.367188 0.766082 0.365234 0.764133 0.365234 0.762183 0.357422 0.754386
0 0.347656 0.717349 0.345703 0.719298 0.343750 0.719298 0.341797 0.721248 0.335938 0.721248 0.333984 0.723197 0.332031 0.723197 0.330078 0.725146 0.328125 0.725146 0.326172 0.727096 0.326172 0.744639 0.328125 0.746589 0.328125 0.748538 0.332031 0.752437 0.355469 0.752437 0.359375 0.748538 0.361328 0.748538 0.361328 0.744639 0.363281 0.742690 0.363281 0.740741 0.361328 0.738791 0.361328 0.736842 0.359375 0.734893 0.359375 0.732943 0.357422 0.730994 0.357422 0.729045 0.353516 0.725146 0.353516 0.721248 0.351562 0.719298 0.349609 0.719298
0 0.367188 0.699805 0.365234 0.701754 0.363281 0.701754 0.361328 0.703704 0.359375 0.703704 0.355469 0.707602 0.355469 0.709552 0.353516 0.711501 0.353516 0.717349 0.355469 0.719298 0.355469 0.725146 0.359375 0.729045 0.359375 0.730994 0.361328 0.732943 0.361328 0.734893 0.363281 0.734893 0.365234 0.736842 0.365234 0.738791 0.367188 0.738791 0.369141 0.740741 0.376953 0.740741 0.378906 0.738791 0.382812 0.738791 0.382812 0.736842 0.386719 0.732943 0.386719 0.730994 0.390625 0.727096 0.390625 0.707602 0.388672 0.707602 0.382812 0.701754 0.380859 0.701754 0.378906 0.699805
0 0.408203 0.703704 0.406250 0.705653 0.404297 0.705653 0.402344 0.707602 0.400391 0.707602 0.394531 0.713450 0.394531 0.719298 0.392578 0.721248 0.392578 0.729045 0.396484 0.732943 0.396484 0.736842 0.398438 0.738791 0.400391 0.738791 0.404297 0.742690 0.406250 0.740741 0.423828 0.740741 0.425781 0.738791 0.427734 0.738791 0.431641 0.734893 0.431641 0.723197 0.433594 0.721248 0.431641 0.719298 0.431641 0.715400 0.421875 0.705653 0.419922 0.705653 0.417969 0.703704
0 0.388672 0.756335 0.386719 0.758285 0.380859 0.758285 0.378906 0.760234 0.376953 0.760234 0.375000 0.762183 0.373047 0.762183 0.373047 0.764133 0.371094 0.766082 0.371094 0.768031 0.369141 0.769981 0.369141 0.771930 0.367188 0.773879 0.367188 0.785575 0.369141 0.787524 0.369141 0.791423 0.375000 0.797271 0.378906 0.797271 0.380859 0.799220 0.392578 0.799220 0.394531 0.797271 0.396484 0.797271 0.400391 0.793372 0.402344 0.793372 0.402344 0.791423 0.404297 0.789474 0.404297 0.785575 0.406250 0.783626 0.406250 0.777778 0.402344 0.773879 0.402344 0.771930 0.400391 0.769981 0.400391 0.768031 0.396484 0.764133 0.396484 0.762183 0.394531 0.760234 0.392578 0.760234
0 0.406250 0.742690 0.404297 0.744639 0.402344 0.744639 0.400391 0.746589 0.400391 0.748538 0.396484 0.752437 0.396484 0.760234 0.398438 0.762183 0.398438 0.764133 0.402344 0.768031 0.402344 0.769981 0.404297 0.771930 0.404297 0.773879 0.408203 0.777778 0.410156 0.777778 0.412109 0.779727 0.419922 0.779727 0.421875 0.777778 0.427734 0.777778 0.431641 0.773879 0.431641 0.771930 0.435547 0.768031 0.435547 0.764133 0.437500 0.762183 0.437500 0.752437 0.435547 0.750487 0.435547 0.748538 0.433594 0.746589 0.431641 0.746589 0.429688 0.744639 0.427734 0.744639 0.425781 0.742690
0 0.445312 0.709552 0.435547 0.719298 0.435547 0.721248 0.433594 0.723197 0.433594 0.736842 0.435547 0.738791 0.435547 0.742690 0.439453 0.746589 0.457031 0.746589 0.458984 0.744639 0.460938 0.746589 0.462891 0.746589 0.464844 0.744639 0.466797 0.744639 0.468750 0.742690 0.468750 0.738791 0.470703 0.736842 0.470703 0.725146 0.468750 0.723197 0.468750 0.717349 0.462891 0.711501 0.458984 0.711501 0.457031 0.709552
0 0.458984 0.746589 0.457031 0.748538 0.453125 0.748538 0.451172 0.750487 0.447266 0.750487 0.445312 0.752437 0.443359 0.752437 0.441406 0.754386 0.439453 0.754386 0.439453 0.766082 0.437500 0.768031 0.437500 0.773879 0.439453 0.775828 0.439453 0.777778 0.443359 0.781676 0.447266 0.781676 0.449219 0.783626 0.466797 0.783626 0.466797 0.779727 0.468750 0.777778 0.468750 0.773879 0.472656 0.769981 0.472656 0.766082 0.474609 0.764133 0.474609 0.760234 0.472656 0.758285 0.472656 0.756335 0.470703 0.754386 0.470703 0.752437 0.466797 0.748538 0.460938 0.748538
0 0.480469 0.754386 0.480469 0.758285 0.478516 0.760234 0.478516 0.762183 0.474609 0.766082 0.474609 0.769981 0.470703 0.773879 0.470703 0.777778 0.468750 0.779727 0.468750 0.789474 0.470703 0.791423 0.470703 0.795322 0.474609 0.799220 0.476562 0.799220 0.482422 0.805068 0.492188 0.805068 0.494141 0.803119 0.496094 0.803119 0.496094 0.801170 0.500000 0.797271 0.500000 0.795322 0.509766 0.785575 0.509766 0.768031 0.507812 0.766082 0.507812 0.764133 0.501953 0.758285 0.501953 0.756335 0.500000 0.754386
0 0.507812 0.789474 0.501953 0.795322 0.501953 0.797271 0.498047 0.801170 0.498047 0.803119 0.492188 0.808967 0.492188 0.814815 0.494141 0.816764 0.494141 0.818713 0.496094 0.820663 0.496094 0.822612 0.501953 0.828460 0.505859 0.828460 0.507812 0.830409 0.515625 0.830409 0.517578 0.828460 0.523438 0.828460 0.529297 0.822612 0.531250 0.822612 0.531250 0.818713 0.533203 0.816764 0.533203 0.808967 0.531250 0.807018 0.531250 0.797271 0.529297 0.797271 0.527344 0.795322 0.525391 0.795322 0.523438 0.793372 0.519531 0.793372 0.515625 0.789474
0 0.527344 0.754386 0.525391 0.756335 0.521484 0.756335 0.519531 0.758285 0.517578 0.758285 0.515625 0.760234 0.513672 0.760234 0.513672 0.762183 0.511719 0.764133 0.511719 0.785575 0.513672 0.787524 0.515625 0.787524 0.519531 0.791423 0.523438 0.791423 0.525391 0.793372 0.527344 0.793372 0.529297 0.795322 0.531250 0.793372 0.535156 0.793372 0.539062 0.789474 0.541016 0.789474 0.542969 0.787524 0.544922 0.787524 0.546875 0.785575 0.546875 0.766082 0.544922 0.764133 0.542969 0.764133 0.535156 0.756335 0.533203 0.756335 0.531250 0.754386
0 0.550781 0.727096 0.546875 0.730994 0.544922 0.730994 0.542969 0.732943 0.539062 0.732943 0.537109 0.734893 0.535156 0.734893 0.533203 0.736842 0.533203 0.748538 0.535156 0.750487 0.535156 0.752437 0.537109 0.754386 0.537109 0.756335 0.542969 0.762183 0.560547 0.762183 0.566406 0.756335 0.568359 0.756335 0.568359 0.754386 0.570312 0.752437 0.570312 0.736842 0.564453 0.730994 0.562500 0.730994 0.560547 0.729045 0.560547 0.727096
0 0.529297 0.693957 0.521484 0.701754 0.521484 0.705653 0.519531 0.707602 0.519531 0.711501 0.517578 0.713450 0.519531 0.715400 0.519531 0.717349 0.521484 0.719298 0.521484 0.723197 0.529297 0.730994 0.542969 0.730994 0.544922 0.729045 0.546875 0.729045 0.552734 0.723197 0.552734 0.721248 0.554688 0.719298 0.554688 0.707602 0.544922 0.697856 0.544922 0.695906 0.535156 0.695906 0.533203 0.693957
0 0.646484 0.723197 0.644531 0.725146 0.638672 0.725146 0.630859 0.732943 0.630859 0.754386 0.632812 0.756335 0.632812 0.758285 0.634766 0.760234 0.634766 0.762183 0.638672 0.762183 0.640625 0.764133 0.648438 0.764133 0.650391 0.762183 0.658203 0.762183 0.660156 0.760234 0.662109 0.760234 0.667969 0.754386 0.667969 0.744639 0.669922 0.742690 0.667969 0.740741 0.667969 0.734893 0.666016 0.734893 0.662109 0.730994 0.662109 0.729045 0.660156 0.729045 0.658203 0.727096 0.658203 0.725146 0.648438 0.725146
0 0.556641 0.666667 0.554688 0.668616 0.548828 0.668616 0.541016 0.676413 0.541016 0.678363 0.539062 0.680312 0.539062 0.682261 0.541016 0.684211 0.541016 0.688109 0.542969 0.690058 0.542969 0.693957 0.544922 0.693957 0.546875 0.695906 0.546875 0.697856 0.548828 0.699805 0.550781 0.699805 0.552734 0.701754 0.560547 0.701754 0.562500 0.699805 0.570312 0.699805 0.574219 0.695906 0.574219 0.693957 0.576172 0.692008 0.576172 0.682261 0.574219 0.680312 0.574219 0.674464 0.568359 0.668616 0.564453 0.668616 0.562500 0.666667
0 0.572266 0.699805 0.570312 0.701754 0.562500 0.701754 0.560547 0.703704 0.560547 0.707602 0.558594 0.709552 0.558594 0.715400 0.560547 0.717349 0.560547 0.721248 0.562500 0.723197 0.562500 0.725146 0.566406 0.729045 0.568359 0.729045 0.572266 0.732943 0.574219 0.732943 0.576172 0.734893 0.578125 0.734893 0.580078 0.736842 0.583984 0.732943 0.585938 0.732943 0.585938 0.730994 0.589844 0.727096 0.589844 0.707602 0.583984 0.701754 0.582031 0.701754 0.580078 0.699805
0 0.171875 0.686160 0.169922 0.688109 0.164062 0.688109 0.162109 0.690058 0.160156 0.690058 0.156250 0.693957 0.156250 0.709552 0.160156 0.713450 0.162109 0.713450 0.166016 0.717349 0.181641 0.717349 0.183594 0.715400 0.187500 0.715400 0.189453 0.713450 0.189453 0.709552 0.191406 0.707602 0.191406 0.693957 0.189453 0.692008 0.189453 0.690058 0.187500 0.688109 0.183594 0.688109 0.181641 0.686160
0 0.130859 0.651072 0.128906 0.653021 0.121094 0.653021 0.119141 0.654971 0.119141 0.656920 0.117188 0.658869 0.117188 0.662768 0.115234 0.664717 0.115234 0.670565 0.117188 0.672515 0.117188 0.678363 0.119141 0.680312 0.123047 0.680312 0.126953 0.684211 0.130859 0.684211 0.132812 0.686160 0.134766 0.684211 0.136719 0.684211 0.138672 0.682261 0.140625 0.682261 0.142578 0.680312 0.142578 0.678363 0.146484 0.674464 0.146484 0.658869 0.142578 0.654971 0.142578 0.653021 0.140625 0.651072
0 0.158203 0.654971 0.156250 0.656920 0.154297 0.656920 0.152344 0.658869 0.150391 0.658869 0.150391 0.660819 0.148438 0.662768 0.148438 0.676413 0.152344 0.680312 0.152344 0.682261 0.154297 0.684211 0.156250 0.684211 0.158203 0.686160 0.169922 0.686160 0.171875 0.684211 0.177734 0.684211 0.177734 0.682261 0.183594 0.676413 0.183594 0.666667 0.181641 0.666667 0.175781 0.660819 0.173828 0.660819 0.171875 0.658869 0.169922 0.658869 0.166016 0.654971
0 0.177734 0.633528 0.175781 0.635478 0.173828 0.635478 0.169922 0.639376 0.169922 0.641326 0.167969 0.643275 0.167969 0.651072 0.171875 0.654971 0.173828 0.654971 0.185547 0.666667 0.187500 0.666667 0.189453 0.668616 0.197266 0.668616 0.199219 0.666667 0.199219 0.662768 0.201172 0.660819 0.201172 0.649123 0.203125 0.647173 0.203125 0.643275 0.199219 0.639376 0.199219 0.637427 0.195312 0.633528
0 0.220703 0.637427 0.218750 0.639376 0.216797 0.639376 0.214844 0.641326 0.208984 0.641326 0.208984 0.643275 0.205078 0.647173 0.205078 0.649123 0.203125 0.651072 0.203125 0.660819 0.205078 0.662768 0.205078 0.666667 0.207031 0.668616 0.208984 0.668616 0.214844 0.674464 0.228516 0.674464 0.234375 0.668616 0.236328 0.668616 0.238281 0.666667 0.238281 0.664717 0.240234 0.662768 0.240234 0.654971 0.238281 0.653021 0.238281 0.651072 0.236328 0.649123 0.236328 0.645224 0.230469 0.639376 0.226562 0.639376 0.224609 0.637427
0 0.251953 0.578947 0.251953 0.580897 0.246094 0.586745 0.244141 0.586745 0.244141 0.602339 0.246094 0.604288 0.246094 0.606238 0.250000 0.606238 0.253906 0.610136 0.257812 0.610136 0.259766 0.612086 0.271484 0.612086 0.271484 0.610136 0.275391 0.606238 0.277344 0.606238 0.279297 0.604288 0.279297 0.594542 0.277344 0.592593 0.277344 0.588694 0.273438 0.584795 0.273438 0.582846 0.271484 0.580897 0.271484 0.578947
0 0.240234 0.608187 0.238281 0.610136 0.236328 0.610136 0.228516 0.617934 0.228516 0.635478 0.230469 0.635478 0.236328 0.641326 0.240234 0.641326 0.242188 0.643275 0.248047 0.643275 0.250000 0.641326 0.253906 0.641326 0.259766 0.635478 0.259766 0.631579 0.261719 0.629630 0.261719 0.625731 0.259766 0.623782 0.259766 0.615984 0.257812 0.615984 0.253906 0.612086 0.251953 0.612086 0.250000 0.610136 0.246094 0.610136 0.244141 0.608187
0 0.208984 0.608187 0.207031 0.610136 0.201172 0.610136 0.199219 0.612086 0.199219 0.614035 0.197266 0.615984 0.197266 0.617934 0.195312 0.619883 0.195312 0.629630 0.199219 0.633528 0.199219 0.635478 0.201172 0.637427 0.203125 0.637427 0.205078 0.639376 0.214844 0.639376 0.216797 0.637427 0.218750 0.637427 0.218750 0.635478 0.224609 0.629630 0.224609 0.627680 0.226562 0.625731 0.226562 0.614035 0.224609 0.612086 0.224609 0.610136 0.220703 0.610136 0.218750 0.608187
0 0.115234 0.614035 0.113281 0.615984 0.111328 0.615984 0.109375 0.617934 0.109375 0.619883 0.105469 0.623782 0.105469 0.639376 0.107422 0.641326 0.107422 0.643275 0.109375 0.645224 0.111328 0.645224 0.115234 0.649123 0.132812 0.649123 0.134766 0.647173 0.136719 0.647173 0.138672 0.645224 0.140625 0.645224 0.142578 0.643275 0.142578 0.631579 0.140625 0.629630 0.142578 0.627680 0.142578 0.623782 0.140625 0.623782 0.130859 0.614035
0 0.156250 0.612086 0.154297 0.614035 0.152344 0.614035 0.150391 0.615984 0.150391 0.617934 0.148438 0.619883 0.146484 0.619883 0.146484 0.621832 0.144531 0.623782 0.144531 0.627680 0.142578 0.629630 0.144531 0.631579 0.144531 0.635478 0.146484 0.637427 0.146484 0.639376 0.148438 0.639376 0.152344 0.643275 0.160156 0.643275 0.162109 0.641326 0.164062 0.641326 0.167969 0.637427 0.169922 0.637427 0.169922 0.633528 0.171875 0.631579 0.171875 0.623782 0.169922 0.621832 0.169922 0.619883 0.164062 0.614035 0.158203 0.614035
0 0.171875 0.578947 0.167969 0.582846 0.166016 0.582846 0.164062 0.584795 0.164062 0.586745 0.162109 0.588694 0.162109 0.602339 0.164062 0.604288 0.164062 0.606238 0.166016 0.608187 0.166016 0.610136 0.169922 0.610136 0.175781 0.615984 0.177734 0.615984 0.179688 0.614035 0.183594 0.614035 0.185547 0.612086 0.187500 0.612086 0.189453 0.610136 0.191406 0.610136 0.191406 0.606238 0.193359 0.604288 0.193359 0.588694 0.191406 0.586745 0.191406 0.584795 0.187500 0.580897 0.185547 0.580897 0.183594 0.578947
0 0.132812 0.578947 0.126953 0.584795 0.126953 0.586745 0.123047 0.590643 0.123047 0.598441 0.125000 0.600390 0.125000 0.604288 0.132812 0.612086 0.132812 0.614035 0.136719 0.614035 0.138672 0.615984 0.146484 0.615984 0.148438 0.614035 0.150391 0.614035 0.158203 0.606238 0.158203 0.596491 0.156250 0.594542 0.156250 0.590643 0.152344 0.586745 0.152344 0.584795 0.150391 0.582846 0.148438 0.582846 0.146484 0.580897 0.144531 0.580897 0.142578 0.578947
0 0.099609 0.578947 0.097656 0.580897 0.095703 0.580897 0.089844 0.586745 0.089844 0.590643 0.085938 0.594542 0.087891 0.596491 0.087891 0.600390 0.089844 0.602339 0.089844 0.608187 0.091797 0.610136 0.091797 0.612086 0.093750 0.612086 0.097656 0.615984 0.105469 0.615984 0.107422 0.614035 0.109375 0.614035 0.111328 0.612086 0.113281 0.612086 0.117188 0.608187 0.117188 0.602339 0.119141 0.600390 0.119141 0.592593 0.117188 0.590643 0.117188 0.584795 0.115234 0.582846 0.113281 0.582846 0.111328 0.580897 0.109375 0.580897 0.107422 0.578947
0 0.074219 0.549708 0.068359 0.555556 0.068359 0.557505 0.066406 0.559454 0.066406 0.569201 0.068359 0.571150 0.068359 0.576998 0.070312 0.576998 0.074219 0.580897 0.074219 0.582846 0.076172 0.582846 0.078125 0.584795 0.080078 0.584795 0.082031 0.586745 0.083984 0.586745 0.085938 0.584795 0.089844 0.584795 0.095703 0.578947 0.097656 0.578947 0.099609 0.576998 0.101562 0.576998 0.101562 0.559454 0.099609 0.559454 0.097656 0.557505 0.097656 0.555556 0.095703 0.555556 0.089844 0.549708
0 0.105469 0.522417 0.103516 0.524366 0.095703 0.524366 0.089844 0.530214 0.089844 0.532164 0.087891 0.534113 0.087891 0.541910 0.089844 0.543860 0.089844 0.547758 0.093750 0.551657 0.095703 0.551657 0.101562 0.557505 0.113281 0.557505 0.117188 0.553606 0.119141 0.553606 0.121094 0.551657 0.121094 0.536062 0.123047 0.534113 0.121094 0.532164 0.121094 0.530214 0.115234 0.524366 0.111328 0.524366 0.109375 0.522417
0 0.132812 0.487329 0.130859 0.489279 0.128906 0.489279 0.126953 0.491228 0.123047 0.491228 0.119141 0.495127 0.119141 0.499025 0.117188 0.500975 0.117188 0.508772 0.119141 0.510721 0.119141 0.512671 0.123047 0.516569 0.123047 0.520468 0.126953 0.520468 0.128906 0.522417 0.136719 0.522417 0.138672 0.520468 0.144531 0.520468 0.148438 0.516569 0.148438 0.514620 0.150391 0.512671 0.150391 0.508772 0.152344 0.506823 0.152344 0.502924 0.150391 0.500975 0.150391 0.493177 0.148438 0.491228 0.146484 0.491228 0.142578 0.487329
0 0.173828 0.499025 0.171875 0.500975 0.166016 0.500975 0.164062 0.502924 0.158203 0.502924 0.154297 0.506823 0.154297 0.508772 0.152344 0.510721 0.152344 0.512671 0.150391 0.514620 0.150391 0.516569 0.148438 0.518519 0.150391 0.520468 0.150391 0.524366 0.152344 0.526316 0.152344 0.528265 0.158203 0.534113 0.158203 0.536062 0.160156 0.536062 0.162109 0.538012 0.164062 0.538012 0.166016 0.539961 0.175781 0.539961 0.185547 0.530214 0.185547 0.528265 0.187500 0.526316 0.187500 0.512671 0.185547 0.510721 0.185547 0.506823 0.181641 0.502924 0.179688 0.502924 0.175781 0.499025
0 0.132812 0.524366 0.130859 0.526316 0.128906 0.526316 0.126953 0.528265 0.126953 0.530214 0.125000 0.532164 0.125000 0.534113 0.123047 0.536062 0.123047 0.551657 0.130859 0.559454 0.132812 0.559454 0.134766 0.561404 0.146484 0.561404 0.148438 0.559454 0.150391 0.559454 0.150391 0.555556 0.154297 0.551657 0.154297 0.545809 0.156250 0.543860 0.156250 0.541910 0.154297 0.539961 0.154297 0.536062 0.150391 0.532164 0.150391 0.528265 0.148438 0.526316 0.144531 0.526316 0.142578 0.524366
0 0.166016 0.543860 0.164062 0.545809 0.160156 0.545809 0.158203 0.547758 0.156250 0.547758 0.156250 0.551657 0.154297 0.553606 0.154297 0.567251 0.160156 0.573099 0.162109 0.573099 0.164062 0.575049 0.179688 0.575049 0.181641 0.573099 0.185547 0.573099 0.187500 0.571150 0.187500 0.569201 0.189453 0.567251 0.189453 0.553606 0.185547 0.549708 0.185547 0.547758 0.183594 0.545809 0.181641 0.545809 0.179688 0.543860
0 0.238281 0.288499 0.232422 0.294347 0.230469 0.294347 0.230469 0.298246 0.228516 0.300195 0.228516 0.311891 0.236328 0.319688 0.240234 0.319688 0.242188 0.321637 0.255859 0.321637 0.259766 0.317739 0.259766 0.315789 0.263672 0.311891 0.263672 0.300195 0.261719 0.298246 0.261719 0.294347 0.259766 0.294347 0.253906 0.288499
0 0.238281 0.323587 0.236328 0.325536 0.234375 0.325536 0.232422 0.327485 0.230469 0.327485 0.228516 0.329435 0.228516 0.335283 0.226562 0.337232 0.226562 0.345029 0.228516 0.346979 0.228516 0.350877 0.234375 0.356725 0.236328 0.356725 0.238281 0.358674 0.253906 0.358674 0.261719 0.350877 0.263672 0.350877 0.263672 0.339181 0.261719 0.337232 0.261719 0.333333 0.255859 0.327485 0.255859 0.325536 0.253906 0.323587
0 0.224609 0.356725 0.222656 0.358674 0.220703 0.358674 0.216797 0.362573 0.214844 0.362573 0.214844 0.366472 0.212891 0.368421 0.212891 0.384016 0.214844 0.385965 0.214844 0.389864 0.216797 0.389864 0.218750 0.391813 0.220703 0.391813 0.224609 0.395712 0.232422 0.395712 0.234375 0.393762 0.236328 0.393762 0.244141 0.385965 0.244141 0.368421 0.242188 0.366472 0.242188 0.364522 0.240234 0.362573 0.238281 0.362573 0.234375 0.358674 0.228516 0.358674 0.226562 0.356725
0 0.203125 0.391813 0.201172 0.393762 0.195312 0.393762 0.195312 0.397661 0.193359 0.399610 0.193359 0.401559 0.191406 0.403509 0.191406 0.417154 0.195312 0.421053 0.195312 0.423002 0.199219 0.426901 0.210938 0.426901 0.212891 0.424951 0.214844 0.424951 0.216797 0.423002 0.218750 0.423002 0.220703 0.421053 0.222656 0.421053 0.224609 0.419103 0.224609 0.413255 0.226562 0.411306 0.226562 0.405458 0.224609 0.403509 0.224609 0.399610 0.220703 0.395712 0.218750 0.395712 0.216797 0.393762 0.214844 0.393762 0.212891 0.391813
0 0.240234 0.403509 0.238281 0.405458 0.234375 0.405458 0.228516 0.411306 0.228516 0.415205 0.226562 0.417154 0.226562 0.421053 0.228516 0.423002 0.228516 0.426901 0.230469 0.428850 0.230469 0.430799 0.232422 0.432749 0.234375 0.432749 0.240234 0.438596 0.248047 0.438596 0.253906 0.432749 0.255859 0.432749 0.255859 0.428850 0.257812 0.426901 0.257812 0.419103 0.255859 0.417154 0.255859 0.413255 0.251953 0.409357 0.251953 0.407407 0.248047 0.403509
0 0.208984 0.428850 0.205078 0.432749 0.205078 0.434698 0.201172 0.438596 0.201172 0.454191 0.205078 0.458090 0.205078 0.461988 0.208984 0.465887 0.224609 0.465887 0.224609 0.463938 0.232422 0.456140 0.232422 0.438596 0.222656 0.428850
0 0.205078 0.467836 0.203125 0.469786 0.197266 0.469786 0.191406 0.475634 0.191406 0.477583 0.189453 0.479532 0.189453 0.489279 0.193359 0.493177 0.193359 0.495127 0.199219 0.500975 0.201172 0.500975 0.203125 0.502924 0.210938 0.502924 0.212891 0.500975 0.216797 0.500975 0.220703 0.497076 0.222656 0.497076 0.222656 0.495127 0.224609 0.493177 0.224609 0.489279 0.226562 0.487329 0.224609 0.485380 0.224609 0.483431 0.222656 0.481481 0.222656 0.477583 0.214844 0.469786 0.208984 0.469786 0.207031 0.467836
0 0.251953 0.442495 0.250000 0.444444 0.240234 0.444444 0.240234 0.448343 0.238281 0.450292 0.238281 0.452242 0.236328 0.454191 0.236328 0.456140 0.234375 0.458090 0.234375 0.460039 0.232422 0.461988 0.232422 0.467836 0.234375 0.469786 0.234375 0.471735 0.236328 0.473684 0.240234 0.473684 0.242188 0.475634 0.250000 0.475634 0.251953 0.473684 0.259766 0.473684 0.261719 0.471735 0.265625 0.471735 0.267578 0.469786 0.267578 0.454191 0.261719 0.448343 0.261719 0.446394 0.257812 0.442495
0 0.236328 0.477583 0.232422 0.481481 0.230469 0.481481 0.230469 0.485380 0.228516 0.487329 0.228516 0.497076 0.230469 0.499025 0.230469 0.504873 0.232422 0.504873 0.236328 0.508772 0.248047 0.508772 0.251953 0.504873 0.255859 0.504873 0.265625 0.495127 0.265625 0.485380 0.261719 0.481481 0.259766 0.481481 0.257812 0.479532 0.253906 0.479532 0.251953 0.477583
0 0.269531 0.500975 0.267578 0.502924 0.265625 0.502924 0.263672 0.504873 0.261719 0.504873 0.261719 0.506823 0.255859 0.512671 0.255859 0.522417 0.257812 0.524366 0.257812 0.526316 0.261719 0.530214 0.261719 0.532164 0.263672 0.534113 0.267578 0.534113 0.269531 0.536062 0.277344 0.536062 0.281250 0.532164 0.283203 0.532164 0.289062 0.526316 0.289062 0.510721 0.283203 0.504873 0.281250 0.504873 0.277344 0.500975
0 0.298828 0.520468 0.294922 0.524366 0.292969 0.524366 0.289062 0.528265 0.289062 0.530214 0.285156 0.534113 0.285156 0.538012 0.283203 0.539961 0.283203 0.545809 0.285156 0.547758 0.285156 0.549708 0.287109 0.549708 0.291016 0.553606 0.292969 0.553606 0.294922 0.555556 0.306641 0.555556 0.308594 0.553606 0.312500 0.553606 0.314453 0.551657 0.316406 0.551657 0.316406 0.549708 0.320312 0.545809 0.320312 0.538012 0.318359 0.536062 0.318359 0.534113 0.316406 0.532164 0.316406 0.530214 0.310547 0.524366 0.308594 0.524366 0.306641 0.522417 0.306641 0.520468
0 0.314453 0.555556 0.312500 0.557505 0.308594 0.557505 0.306641 0.559454 0.304688 0.559454 0.302734 0.561404 0.300781 0.561404 0.296875 0.565302 0.296875 0.567251 0.294922 0.569201 0.294922 0.580897 0.296875 0.582846 0.296875 0.586745 0.298828 0.588694 0.300781 0.588694 0.302734 0.590643 0.304688 0.590643 0.306641 0.592593 0.310547 0.592593 0.312500 0.594542 0.316406 0.594542 0.318359 0.592593 0.324219 0.592593 0.326172 0.590643 0.330078 0.590643 0.330078 0.588694 0.332031 0.586745 0.332031 0.576998 0.333984 0.575049 0.333984 0.571150 0.332031 0.569201 0.332031 0.565302 0.330078 0.563353 0.330078 0.561404 0.328125 0.561404 0.324219 0.557505 0.320312 0.557505 0.318359 0.555556
0 0.355469 0.565302 0.353516 0.567251 0.345703 0.567251 0.343750 0.569201 0.341797 0.569201 0.341797 0.571150 0.339844 0.573099 0.339844 0.576998 0.337891 0.578947 0.337891 0.592593 0.339844 0.594542 0.339844 0.596491 0.345703 0.602339 0.353516 0.602339 0.355469 0.604288 0.357422 0.604288 0.359375 0.602339 0.365234 0.602339 0.367188 0.600390 0.367188 0.596491 0.373047 0.590643 0.371094 0.588694 0.371094 0.582846 0.369141 0.580897 0.369141 0.576998 0.367188 0.575049 0.367188 0.571150 0.363281 0.567251 0.359375 0.567251 0.357422 0.565302
0 0.384766 0.559454 0.382812 0.561404 0.378906 0.561404 0.378906 0.563353 0.376953 0.565302 0.376953 0.567251 0.373047 0.571150 0.373047 0.578947 0.375000 0.580897 0.375000 0.586745 0.378906 0.590643 0.378906 0.592593 0.380859 0.594542 0.384766 0.594542 0.386719 0.596491 0.392578 0.596491 0.394531 0.594542 0.398438 0.594542 0.404297 0.588694 0.406250 0.588694 0.406250 0.584795 0.408203 0.582846 0.408203 0.569201 0.400391 0.561404 0.398438 0.561404 0.396484 0.559454
0 0.386719 0.522417 0.382812 0.526316 0.380859 0.526316 0.378906 0.528265 0.378906 0.530214 0.376953 0.532164 0.376953 0.549708 0.378906 0.551657 0.378906 0.553606 0.380859 0.553606 0.382812 0.555556 0.384766 0.555556 0.386719 0.557505 0.396484 0.557505 0.398438 0.555556 0.400391 0.555556 0.402344 0.553606 0.406250 0.553606 0.406250 0.551657 0.408203 0.549708 0.408203 0.545809 0.410156 0.543860 0.410156 0.532164 0.408203 0.530214 0.408203 0.528265 0.404297 0.524366 0.402344 0.524366 0.400391 0.522417
0 0.419922 0.538012 0.412109 0.545809 0.410156 0.545809 0.410156 0.569201 0.412109 0.569201 0.416016 0.573099 0.425781 0.573099 0.427734 0.571150 0.429688 0.571150 0.437500 0.563353 0.437500 0.557505 0.439453 0.555556 0.439453 0.549708 0.437500 0.547758 0.437500 0.545809 0.435547 0.543860 0.435547 0.541910 0.433594 0.539961 0.431641 0.539961 0.429688 0.538012
0 0.425781 0.575049 0.423828 0.576998 0.419922 0.576998 0.416016 0.580897 0.414062 0.580897 0.414062 0.586745 0.416016 0.588694 0.416016 0.590643 0.417969 0.592593 0.417969 0.594542 0.419922 0.596491 0.419922 0.598441 0.421875 0.600390 0.423828 0.600390 0.425781 0.602339 0.427734 0.602339 0.429688 0.604288 0.439453 0.604288 0.447266 0.596491 0.447266 0.590643 0.449219 0.588694 0.449219 0.584795 0.447266 0.582846 0.447266 0.580897 0.441406 0.575049
0 0.449219 0.545809 0.447266 0.547758 0.447266 0.549708 0.445312 0.551657 0.445312 0.553606 0.443359 0.555556 0.443359 0.557505 0.441406 0.559454 0.441406 0.565302 0.443359 0.567251 0.443359 0.571150 0.445312 0.571150 0.447266 0.573099 0.447266 0.575049 0.449219 0.575049 0.451172 0.576998 0.458984 0.576998 0.460938 0.575049 0.464844 0.575049 0.468750 0.571150 0.470703 0.571150 0.470703 0.553606 0.464844 0.547758 0.462891 0.547758 0.460938 0.545809
0 0.472656 0.575049 0.470703 0.576998 0.466797 0.576998 0.462891 0.580897 0.460938 0.580897 0.458984 0.582846 0.457031 0.582846 0.457031 0.588694 0.455078 0.590643 0.455078 0.594542 0.453125 0.596491 0.453125 0.598441 0.455078 0.600390 0.455078 0.602339 0.457031 0.604288 0.457031 0.606238 0.460938 0.610136 0.462891 0.610136 0.464844 0.612086 0.476562 0.612086 0.476562 0.610136 0.478516 0.608187 0.480469 0.608187 0.486328 0.602339 0.486328 0.598441 0.484375 0.596491 0.484375 0.586745 0.482422 0.584795 0.482422 0.582846 0.476562 0.576998 0.474609 0.576998
0 0.498047 0.567251 0.496094 0.569201 0.494141 0.569201 0.488281 0.575049 0.488281 0.576998 0.486328 0.578947 0.486328 0.586745 0.488281 0.588694 0.488281 0.594542 0.492188 0.598441 0.492188 0.600390 0.494141 0.602339 0.496094 0.602339 0.498047 0.604288 0.500000 0.604288 0.501953 0.606238 0.503906 0.606238 0.505859 0.604288 0.509766 0.604288 0.511719 0.602339 0.513672 0.602339 0.515625 0.600390 0.517578 0.600390 0.523438 0.594542 0.523438 0.588694 0.521484 0.586745 0.521484 0.580897 0.519531 0.578947 0.519531 0.575049 0.517578 0.575049 0.511719 0.569201 0.505859 0.569201 0.503906 0.567251
0 0.525391 0.600390 0.523438 0.602339 0.521484 0.602339 0.519531 0.604288 0.517578 0.604288 0.515625 0.606238 0.511719 0.606238 0.511719 0.608187 0.505859 0.614035 0.505859 0.621832 0.507812 0.623782 0.507812 0.625731 0.509766 0.625731 0.511719 0.627680 0.511719 0.629630 0.513672 0.629630 0.515625 0.631579 0.519531 0.631579 0.521484 0.633528 0.527344 0.633528 0.529297 0.631579 0.529297 0.629630 0.531250 0.627680 0.533203 0.627680 0.535156 0.625731 0.537109 0.625731 0.539062 0.623782 0.539062 0.621832 0.541016 0.619883 0.541016 0.617934 0.542969 0.615984 0.542969 0.612086 0.541016 0.610136 0.541016 0.608187 0.535156 0.602339 0.531250 0.602339 0.529297 0.600390
0 0.542969 0.565302 0.541016 0.567251 0.531250 0.567251 0.529297 0.569201 0.529297 0.571150 0.527344 0.573099 0.527344 0.575049 0.525391 0.576998 0.525391 0.586745 0.527344 0.588694 0.527344 0.594542 0.531250 0.598441 0.533203 0.598441 0.535156 0.600390 0.539062 0.600390 0.541016 0.602339 0.542969 0.602339 0.544922 0.600390 0.548828 0.600390 0.556641 0.592593 0.556641 0.590643 0.560547 0.586745 0.560547 0.576998 0.558594 0.575049 0.558594 0.571150 0.554688 0.567251 0.552734 0.567251 0.550781 0.565302
0 0.531250 0.530214 0.527344 0.534113 0.525391 0.534113 0.523438 0.536062 0.523438 0.541910 0.521484 0.543860 0.521484 0.547758 0.523438 0.549708 0.523438 0.557505 0.527344 0.561404 0.529297 0.561404 0.533203 0.565302 0.541016 0.565302 0.542969 0.563353 0.546875 0.563353 0.548828 0.561404 0.550781 0.561404 0.556641 0.555556 0.556641 0.553606 0.558594 0.551657 0.558594 0.545809 0.556641 0.543860 0.556641 0.541910 0.550781 0.536062 0.550781 0.534113 0.548828 0.534113 0.546875 0.532164 0.544922 0.532164 0.542969 0.530214
0 0.558594 0.489279 0.556641 0.491228 0.554688 0.491228 0.552734 0.493177 0.550781 0.493177 0.546875 0.497076 0.541016 0.497076 0.541016 0.499025 0.539062 0.500975 0.537109 0.500975 0.535156 0.502924 0.535156 0.504873 0.533203 0.506823 0.533203 0.508772 0.531250 0.510721 0.533203 0.512671 0.533203 0.518519 0.541016 0.526316 0.542969 0.526316 0.548828 0.532164 0.550781 0.532164 0.552734 0.534113 0.564453 0.534113 0.566406 0.532164 0.568359 0.532164 0.568359 0.528265 0.574219 0.522417 0.574219 0.516569 0.576172 0.514620 0.576172 0.499025 0.568359 0.491228 0.568359 0.489279
0 0.578125 0.536062 0.576172 0.538012 0.570312 0.538012 0.570312 0.543860 0.566406 0.547758 0.566406 0.549708 0.564453 0.551657 0.564453 0.555556 0.566406 0.557505 0.566406 0.561404 0.570312 0.565302 0.570312 0.567251 0.574219 0.571150 0.576172 0.571150 0.578125 0.573099 0.591797 0.573099 0.593750 0.571150 0.593750 0.569201 0.595703 0.567251 0.597656 0.567251 0.597656 0.565302 0.599609 0.563353 0.599609 0.543860 0.595703 0.539961 0.595703 0.538012 0.587891 0.538012 0.585938 0.536062
0 0.593750 0.497076 0.591797 0.499025 0.589844 0.499025 0.587891 0.500975 0.585938 0.500975 0.583984 0.502924 0.583984 0.504873 0.582031 0.506823 0.580078 0.506823 0.580078 0.508772 0.578125 0.510721 0.578125 0.514620 0.576172 0.516569 0.576172 0.526316 0.583984 0.534113 0.587891 0.534113 0.589844 0.536062 0.597656 0.536062 0.599609 0.534113 0.603516 0.534113 0.605469 0.532164 0.605469 0.530214 0.607422 0.528265 0.607422 0.526316 0.609375 0.524366 0.609375 0.522417 0.611328 0.520468 0.611328 0.512671 0.609375 0.510721 0.609375 0.508772 0.607422 0.506823 0.607422 0.504873 0.599609 0.497076
0 0.646484 0.450292 0.644531 0.452242 0.642578 0.452242 0.636719 0.458090 0.634766 0.458090 0.628906 0.463938 0.628906 0.465887 0.626953 0.467836 0.626953 0.473684 0.640625 0.487329 0.646484 0.487329 0.648438 0.489279 0.650391 0.487329 0.654297 0.487329 0.656250 0.485380 0.658203 0.485380 0.660156 0.483431 0.660156 0.479532 0.664062 0.475634 0.664062 0.463938 0.662109 0.461988 0.662109 0.460039 0.660156 0.458090 0.660156 0.456140 0.658203 0.454191 0.656250 0.454191 0.652344 0.450292
0 0.621094 0.477583 0.619141 0.479532 0.617188 0.479532 0.609375 0.487329 0.609375 0.493177 0.607422 0.495127 0.607422 0.499025 0.609375 0.500975 0.609375 0.504873 0.617188 0.512671 0.630859 0.512671 0.632812 0.510721 0.634766 0.510721 0.636719 0.508772 0.636719 0.506823 0.638672 0.504873 0.640625 0.504873 0.640625 0.497076 0.638672 0.495127 0.638672 0.493177 0.636719 0.491228 0.636719 0.487329 0.634766 0.485380 0.632812 0.485380 0.626953 0.479532 0.623047 0.479532
0 0.625000 0.514620 0.623047 0.516569 0.619141 0.516569 0.613281 0.522417 0.613281 0.536062 0.617188 0.539961 0.621094 0.539961 0.623047 0.541910 0.638672 0.541910 0.640625 0.539961 0.640625 0.534113 0.642578 0.532164 0.642578 0.524366 0.640625 0.522417 0.640625 0.520468 0.636719 0.516569 0.634766 0.516569 0.632812 0.514620
0 0.615234 0.545809 0.613281 0.547758 0.609375 0.547758 0.605469 0.551657 0.605469 0.553606 0.603516 0.555556 0.603516 0.563353 0.605469 0.565302 0.605469 0.573099 0.607422 0.573099 0.609375 0.575049 0.609375 0.576998 0.611328 0.576998 0.613281 0.578947 0.617188 0.578947 0.619141 0.580897 0.621094 0.578947 0.626953 0.578947 0.634766 0.571150 0.634766 0.553606 0.632812 0.551657 0.630859 0.551657 0.625000 0.545809
0 0.638672 0.573099 0.636719 0.575049 0.634766 0.575049 0.628906 0.580897 0.628906 0.584795 0.626953 0.586745 0.626953 0.588694 0.628906 0.590643 0.628906 0.596491 0.634766 0.602339 0.634766 0.604288 0.654297 0.604288 0.660156 0.598441 0.660156 0.596491 0.662109 0.594542 0.662109 0.588694 0.660156 0.586745 0.660156 0.584795 0.658203 0.582846 0.658203 0.580897 0.656250 0.578947 0.656250 0.576998 0.654297 0.576998 0.650391 0.573099
0 0.667969 0.545809 0.666016 0.547758 0.664062 0.547758 0.660156 0.551657 0.660156 0.553606 0.658203 0.555556 0.656250 0.555556 0.656250 0.559454 0.654297 0.561404 0.654297 0.569201 0.656250 0.571150 0.656250 0.573099 0.660156 0.576998 0.660156 0.578947 0.664062 0.582846 0.666016 0.582846 0.669922 0.586745 0.671875 0.586745 0.673828 0.588694 0.675781 0.588694 0.677734 0.586745 0.681641 0.586745 0.683594 0.584795 0.685547 0.584795 0.687500 0.582846 0.689453 0.582846 0.691406 0.580897 0.691406 0.576998 0.693359 0.575049 0.693359 0.557505 0.689453 0.553606 0.689453 0.551657 0.687500 0.551657 0.685547 0.549708 0.685547 0.547758 0.683594 0.545809
0 0.667969 0.477583 0.658203 0.487329 0.656250 0.487329 0.656250 0.506823 0.658203 0.506823 0.666016 0.514620 0.679688 0.514620 0.681641 0.512671 0.683594 0.512671 0.687500 0.508772 0.687500 0.502924 0.689453 0.500975 0.689453 0.491228 0.687500 0.489279 0.687500 0.485380 0.685547 0.483431 0.685547 0.481481 0.683594 0.481481 0.679688 0.477583
0 0.703125 0.483431 0.701172 0.485380 0.699219 0.485380 0.693359 0.491228 0.693359 0.493177 0.691406 0.495127 0.691406 0.504873 0.693359 0.506823 0.693359 0.510721 0.695312 0.512671 0.695312 0.514620 0.699219 0.518519 0.705078 0.518519 0.707031 0.520468 0.708984 0.518519 0.714844 0.518519 0.724609 0.508772 0.724609 0.493177 0.718750 0.487329 0.716797 0.487329 0.714844 0.485380 0.712891 0.485380 0.710938 0.483431
0 0.712891 0.536062 0.710938 0.538012 0.707031 0.538012 0.701172 0.543860 0.701172 0.545809 0.699219 0.547758 0.699219 0.549708 0.697266 0.551657 0.697266 0.553606 0.699219 0.555556 0.699219 0.559454 0.703125 0.563353 0.703125 0.565302 0.708984 0.571150 0.726562 0.571150 0.726562 0.569201 0.730469 0.565302 0.730469 0.563353 0.734375 0.559454 0.734375 0.551657 0.730469 0.547758 0.730469 0.543860 0.724609 0.538012 0.718750 0.538012 0.716797 0.536062
0 0.732422 0.506823 0.730469 0.508772 0.726562 0.508772 0.726562 0.510721 0.722656 0.514620 0.720703 0.514620 0.716797 0.518519 0.716797 0.530214 0.718750 0.532164 0.718750 0.534113 0.720703 0.534113 0.722656 0.536062 0.724609 0.536062 0.726562 0.538012 0.736328 0.538012 0.738281 0.536062 0.740234 0.536062 0.742188 0.534113 0.744141 0.534113 0.746094 0.532164 0.746094 0.524366 0.748047 0.522417 0.748047 0.516569 0.746094 0.514620 0.746094 0.512671 0.744141 0.510721 0.740234 0.510721 0.738281 0.508772 0.734375 0.508772
0 0.738281 0.471735 0.736328 0.473684 0.732422 0.473684 0.728516 0.477583 0.728516 0.495127 0.732422 0.499025 0.732422 0.500975 0.734375 0.500975 0.736328 0.502924 0.736328 0.504873 0.738281 0.506823 0.740234 0.506823 0.742188 0.508772 0.753906 0.508772 0.755859 0.506823 0.759766 0.506823 0.759766 0.504873 0.763672 0.500975 0.763672 0.483431 0.761719 0.483431 0.759766 0.481481 0.759766 0.479532 0.757812 0.477583 0.757812 0.475634 0.755859 0.473684 0.753906 0.473684 0.751953 0.471735
0 0.773438 0.495127 0.771484 0.497076 0.769531 0.497076 0.761719 0.504873 0.761719 0.506823 0.759766 0.508772 0.759766 0.512671 0.761719 0.514620 0.761719 0.518519 0.773438 0.530214 0.775391 0.530214 0.777344 0.532164 0.785156 0.532164 0.789062 0.528265 0.789062 0.526316 0.791016 0.524366 0.791016 0.518519 0.792969 0.516569 0.792969 0.506823 0.791016 0.504873 0.791016 0.500975 0.787109 0.497076 0.787109 0.495127
0 0.748047 0.530214 0.748047 0.532164 0.742188 0.538012 0.740234 0.538012 0.738281 0.539961 0.738281 0.547758 0.740234 0.549708 0.740234 0.555556 0.742188 0.557505 0.744141 0.557505 0.748047 0.561404 0.757812 0.561404 0.759766 0.559454 0.761719 0.559454 0.767578 0.553606 0.767578 0.536062 0.763672 0.532164 0.761719 0.532164 0.759766 0.530214
0 0.824219 0.567251 0.822266 0.569201 0.820312 0.569201 0.818359 0.571150 0.814453 0.571150 0.814453 0.573099 0.812500 0.575049 0.812500 0.576998 0.810547 0.578947 0.810547 0.590643 0.812500 0.592593 0.812500 0.594542 0.814453 0.596491 0.814453 0.598441 0.816406 0.600390 0.818359 0.600390 0.820312 0.602339 0.820312 0.604288 0.822266 0.604288 0.824219 0.606238 0.835938 0.606238 0.837891 0.604288 0.839844 0.604288 0.839844 0.602339 0.845703 0.596491 0.845703 0.594542 0.847656 0.592593 0.847656 0.586745 0.845703 0.584795 0.845703 0.582846 0.843750 0.580897 0.843750 0.578947 0.841797 0.576998 0.841797 0.573099 0.839844 0.573099 0.837891 0.571150 0.832031 0.571150 0.830078 0.569201 0.828125 0.569201 0.826172 0.567251
0 0.830078 0.530214 0.828125 0.532164 0.826172 0.532164 0.822266 0.536062 0.820312 0.536062 0.818359 0.538012 0.818359 0.539961 0.816406 0.541910 0.816406 0.547758 0.818359 0.549708 0.818359 0.551657 0.820312 0.553606 0.820312 0.555556 0.822266 0.557505 0.822266 0.559454 0.824219 0.561404 0.824219 0.565302 0.826172 0.565302 0.828125 0.567251 0.830078 0.567251 0.832031 0.569201 0.839844 0.569201 0.841797 0.567251 0.841797 0.565302 0.843750 0.563353 0.845703 0.563353 0.851562 0.557505 0.851562 0.555556 0.853516 0.553606 0.855469 0.553606 0.857422 0.551657 0.857422 0.545809 0.859375 0.543860 0.855469 0.539961 0.855469 0.538012 0.853516 0.536062 0.849609 0.536062 0.847656 0.534113 0.845703 0.534113 0.843750 0.532164 0.841797 0.532164 0.839844 0.530214
0 0.851562 0.594542 0.849609 0.596491 0.847656 0.596491 0.841797 0.602339 0.841797 0.604288 0.839844 0.606238 0.839844 0.619883 0.841797 0.621832 0.841797 0.625731 0.845703 0.629630 0.849609 0.629630 0.851562 0.631579 0.851562 0.633528 0.861328 0.633528 0.863281 0.631579 0.867188 0.631579 0.869141 0.629630 0.871094 0.629630 0.871094 0.627680 0.873047 0.625731 0.873047 0.623782 0.875000 0.621832 0.875000 0.619883 0.876953 0.617934 0.876953 0.606238 0.871094 0.600390 0.871094 0.598441 0.869141 0.596491 0.859375 0.596491 0.857422 0.594542
0 0.853516 0.561404 0.851562 0.563353 0.851562 0.565302 0.849609 0.567251 0.847656 0.567251 0.847656 0.569201 0.845703 0.571150 0.845703 0.575049 0.843750 0.576998 0.845703 0.578947 0.845703 0.580897 0.847656 0.582846 0.847656 0.584795 0.851562 0.588694 0.851562 0.590643 0.853516 0.590643 0.855469 0.592593 0.857422 0.592593 0.859375 0.594542 0.865234 0.594542 0.867188 0.592593 0.869141 0.592593 0.871094 0.590643 0.873047 0.590643 0.873047 0.588694 0.875000 0.586745 0.875000 0.584795 0.876953 0.582846 0.876953 0.576998 0.875000 0.575049 0.875000 0.571150 0.873047 0.569201 0.873047 0.565302 0.871094 0.563353 0.869141 0.563353 0.867188 0.561404
0 0.810547 0.493177 0.808594 0.495127 0.804688 0.495127 0.800781 0.499025 0.796875 0.499025 0.796875 0.506823 0.794922 0.508772 0.794922 0.522417 0.800781 0.528265 0.802734 0.528265 0.804688 0.530214 0.806641 0.530214 0.808594 0.532164 0.820312 0.532164 0.824219 0.528265 0.826172 0.528265 0.830078 0.524366 0.830078 0.516569 0.832031 0.514620 0.832031 0.510721 0.830078 0.508772 0.830078 0.504873 0.828125 0.502924 0.828125 0.500975 0.826172 0.499025 0.824219 0.499025 0.820312 0.495127 0.818359 0.495127 0.816406 0.493177
0 0.767578 0.432749 0.765625 0.434698 0.761719 0.434698 0.759766 0.436647 0.757812 0.436647 0.755859 0.438596 0.755859 0.440546 0.753906 0.442495 0.753906 0.444444 0.751953 0.446394 0.751953 0.454191 0.753906 0.456140 0.753906 0.460039 0.755859 0.461988 0.755859 0.463938 0.763672 0.471735 0.771484 0.471735 0.773438 0.473684 0.775391 0.471735 0.781250 0.471735 0.783203 0.469786 0.785156 0.469786 0.787109 0.467836 0.787109 0.444444 0.781250 0.438596 0.781250 0.436647 0.779297 0.434698 0.777344 0.434698 0.775391 0.432749
0 0.804688 0.432749 0.802734 0.434698 0.796875 0.434698 0.794922 0.436647 0.792969 0.436647 0.792969 0.438596 0.791016 0.440546 0.791016 0.444444 0.789062 0.446394 0.789062 0.460039 0.791016 0.461988 0.791016 0.463938 0.792969 0.465887 0.792969 0.467836 0.794922 0.469786 0.802734 0.469786 0.804688 0.471735 0.806641 0.469786 0.808594 0.469786 0.810547 0.467836 0.812500 0.467836 0.812500 0.465887 0.822266 0.456140 0.822266 0.454191 0.824219 0.452242 0.824219 0.446394 0.822266 0.444444 0.822266 0.442495 0.814453 0.434698 0.806641 0.434698
0 0.820312 0.460039 0.814453 0.465887 0.814453 0.467836 0.812500 0.469786 0.810547 0.469786 0.810547 0.481481 0.812500 0.483431 0.812500 0.485380 0.814453 0.487329 0.816406 0.487329 0.818359 0.489279 0.820312 0.489279 0.824219 0.493177 0.826172 0.493177 0.828125 0.495127 0.835938 0.495127 0.841797 0.489279 0.843750 0.489279 0.847656 0.485380 0.847656 0.469786 0.843750 0.465887 0.843750 0.463938 0.841797 0.461988 0.839844 0.461988 0.837891 0.460039
0 0.779297 0.401559 0.777344 0.403509 0.777344 0.405458 0.771484 0.411306 0.771484 0.419103 0.775391 0.423002 0.775391 0.424951 0.781250 0.430799 0.798828 0.430799 0.798828 0.424951 0.802734 0.421053 0.804688 0.421053 0.804688 0.413255 0.802734 0.411306 0.802734 0.407407 0.798828 0.403509 0.798828 0.401559
0 0.822266 0.401559 0.818359 0.405458 0.816406 0.405458 0.810547 0.411306 0.806641 0.411306 0.806641 0.421053 0.808594 0.423002 0.808594 0.424951 0.818359 0.434698 0.820312 0.434698 0.822266 0.436647 0.824219 0.436647 0.826172 0.438596 0.832031 0.438596 0.837891 0.432749 0.837891 0.430799 0.839844 0.428850 0.839844 0.405458 0.837891 0.403509 0.833984 0.403509 0.832031 0.401559
0 0.853516 0.405458 0.851562 0.407407 0.849609 0.407407 0.845703 0.411306 0.845703 0.417154 0.843750 0.419103 0.843750 0.434698 0.845703 0.436647 0.845703 0.438596 0.847656 0.440546 0.851562 0.440546 0.855469 0.444444 0.861328 0.444444 0.863281 0.442495 0.865234 0.442495 0.869141 0.438596 0.869141 0.436647 0.871094 0.434698 0.871094 0.432749 0.873047 0.430799 0.873047 0.413255 0.871094 0.413255 0.863281 0.405458
0 0.884766 0.415205 0.882812 0.417154 0.880859 0.417154 0.878906 0.419103 0.878906 0.424951 0.876953 0.426901 0.876953 0.430799 0.875000 0.432749 0.875000 0.442495 0.876953 0.444444 0.876953 0.446394 0.878906 0.448343 0.892578 0.448343 0.894531 0.446394 0.898438 0.446394 0.900391 0.444444 0.904297 0.444444 0.906250 0.442495 0.908203 0.442495 0.908203 0.438596 0.912109 0.434698 0.912109 0.424951 0.908203 0.421053 0.908203 0.419103 0.906250 0.417154 0.904297 0.417154 0.902344 0.415205
0 0.890625 0.452242 0.888672 0.454191 0.886719 0.454191 0.882812 0.458090 0.882812 0.461988 0.880859 0.463938 0.882812 0.465887 0.882812 0.467836 0.884766 0.469786 0.884766 0.473684 0.886719 0.473684 0.890625 0.477583 0.890625 0.481481 0.894531 0.481481 0.896484 0.483431 0.906250 0.483431 0.908203 0.481481 0.910156 0.481481 0.910156 0.479532 0.912109 0.477583 0.912109 0.475634 0.916016 0.471735 0.916016 0.461988 0.914062 0.460039 0.914062 0.458090 0.912109 0.456140 0.912109 0.454191 0.908203 0.454191 0.906250 0.452242
0 0.919922 0.432749 0.912109 0.440546 0.912109 0.450292 0.916016 0.454191 0.916016 0.456140 0.917969 0.458090 0.917969 0.460039 0.919922 0.461988 0.919922 0.463938 0.923828 0.467836 0.925781 0.467836 0.927734 0.469786 0.933594 0.469786 0.935547 0.471735 0.941406 0.471735 0.943359 0.469786 0.945312 0.469786 0.949219 0.465887 0.949219 0.463938 0.951172 0.461988 0.951172 0.450292 0.949219 0.448343 0.949219 0.446394 0.945312 0.442495 0.945312 0.440546 0.937500 0.432749
0 0.923828 0.473684 0.921875 0.475634 0.919922 0.475634 0.916016 0.479532 0.914062 0.479532 0.908203 0.485380 0.908203 0.499025 0.910156 0.499025 0.914062 0.502924 0.916016 0.502924 0.917969 0.504873 0.923828 0.504873 0.925781 0.506823 0.933594 0.506823 0.935547 0.504873 0.939453 0.504873 0.945312 0.499025 0.945312 0.495127 0.947266 0.493177 0.947266 0.485380 0.945312 0.483431 0.945312 0.479532 0.943359 0.479532 0.939453 0.475634 0.937500 0.475634 0.935547 0.473684
0 0.943359 0.504873 0.941406 0.506823 0.937500 0.506823 0.935547 0.508772 0.933594 0.508772 0.931641 0.510721 0.929688 0.510721 0.925781 0.514620 0.923828 0.514620 0.923828 0.532164 0.925781 0.534113 0.929688 0.534113 0.933594 0.538012 0.935547 0.538012 0.937500 0.539961 0.941406 0.539961 0.943359 0.538012 0.945312 0.538012 0.947266 0.536062 0.949219 0.536062 0.953125 0.532164 0.957031 0.532164 0.960938 0.528265 0.960938 0.510721 0.957031 0.506823 0.953125 0.506823 0.951172 0.504873
0 0.953125 0.534113 0.949219 0.538012 0.947266 0.538012 0.945312 0.539961 0.945312 0.555556 0.947266 0.557505 0.947266 0.559454 0.949219 0.561404 0.949219 0.563353 0.951172 0.565302 0.957031 0.565302 0.958984 0.567251 0.970703 0.567251 0.972656 0.565302 0.974609 0.565302 0.976562 0.563353 0.976562 0.561404 0.978516 0.559454 0.978516 0.557505 0.980469 0.555556 0.980469 0.545809 0.976562 0.541910 0.976562 0.539961 0.972656 0.536062 0.972656 0.534113
0 0.794922 0.362573 0.792969 0.364522 0.791016 0.364522 0.789062 0.366472 0.787109 0.366472 0.785156 0.368421 0.785156 0.370370 0.781250 0.374269 0.781250 0.385965 0.783203 0.387914 0.783203 0.389864 0.785156 0.391813 0.785156 0.393762 0.789062 0.397661 0.792969 0.397661 0.794922 0.399610 0.800781 0.399610 0.802734 0.397661 0.806641 0.397661 0.810547 0.393762 0.812500 0.393762 0.814453 0.391813 0.814453 0.372320 0.812500 0.370370 0.812500 0.368421 0.810547 0.366472 0.808594 0.366472 0.804688 0.362573
0 0.830078 0.358674 0.828125 0.360624 0.824219 0.360624 0.822266 0.362573 0.822266 0.366472 0.820312 0.368421 0.820312 0.372320 0.818359 0.374269 0.818359 0.382066 0.820312 0.384016 0.820312 0.387914 0.822266 0.389864 0.822266 0.393762 0.826172 0.397661 0.828125 0.397661 0.830078 0.399610 0.832031 0.399610 0.833984 0.401559 0.841797 0.401559 0.845703 0.397661 0.847656 0.397661 0.851562 0.393762 0.851562 0.391813 0.853516 0.389864 0.853516 0.376218 0.849609 0.372320 0.849609 0.370370 0.837891 0.358674
0 0.847656 0.329435 0.843750 0.333333 0.841797 0.333333 0.839844 0.335283 0.837891 0.335283 0.835938 0.337232 0.833984 0.337232 0.832031 0.339181 0.832031 0.346979 0.833984 0.348928 0.833984 0.354776 0.835938 0.354776 0.845703 0.364522 0.853516 0.364522 0.855469 0.366472 0.857422 0.366472 0.859375 0.364522 0.861328 0.364522 0.865234 0.360624 0.865234 0.356725 0.867188 0.354776 0.867188 0.350877 0.865234 0.348928 0.865234 0.345029 0.863281 0.343080 0.863281 0.339181 0.861328 0.337232 0.861328 0.335283 0.859375 0.333333 0.859375 0.331384 0.857422 0.331384 0.855469 0.329435
0 0.878906 0.325536 0.876953 0.327485 0.875000 0.327485 0.871094 0.331384 0.869141 0.331384 0.869141 0.333333 0.867188 0.335283 0.867188 0.346979 0.869141 0.348928 0.869141 0.354776 0.875000 0.360624 0.892578 0.360624 0.894531 0.358674 0.894531 0.356725 0.896484 0.354776 0.896484 0.352827 0.898438 0.350877 0.898438 0.333333 0.894531 0.329435 0.890625 0.329435 0.888672 0.327485 0.882812 0.327485 0.880859 0.325536
0 0.914062 0.325536 0.912109 0.327485 0.910156 0.327485 0.906250 0.331384 0.904297 0.331384 0.902344 0.333333 0.902344 0.352827 0.904297 0.354776 0.904297 0.356725 0.908203 0.360624 0.910156 0.360624 0.912109 0.362573 0.923828 0.362573 0.925781 0.360624 0.927734 0.360624 0.931641 0.356725 0.931641 0.354776 0.933594 0.352827 0.933594 0.346979 0.935547 0.345029 0.935547 0.341131 0.933594 0.339181 0.933594 0.337232 0.931641 0.335283 0.931641 0.333333 0.927734 0.329435 0.925781 0.329435 0.923828 0.327485 0.921875 0.327485 0.919922 0.325536
0 0.833984 0.296296 0.832031 0.298246 0.824219 0.298246 0.822266 0.300195 0.822266 0.302144 0.816406 0.307992 0.816406 0.311891 0.814453 0.313840 0.814453 0.319688 0.816406 0.321637 0.816406 0.327485 0.818359 0.327485 0.822266 0.331384 0.824219 0.331384 0.826172 0.333333 0.830078 0.333333 0.832031 0.335283 0.835938 0.335283 0.837891 0.333333 0.839844 0.333333 0.841797 0.331384 0.843750 0.331384 0.847656 0.327485 0.849609 0.327485 0.849609 0.325536 0.851562 0.323587 0.851562 0.309942 0.849609 0.307992 0.849609 0.306043 0.845703 0.302144 0.845703 0.298246 0.839844 0.298246 0.837891 0.296296
0 0.892578 0.290448 0.890625 0.292398 0.888672 0.292398 0.886719 0.294347 0.884766 0.294347 0.884766 0.298246 0.882812 0.300195 0.880859 0.300195 0.880859 0.302144 0.878906 0.304094 0.878906 0.311891 0.880859 0.313840 0.880859 0.317739 0.884766 0.321637 0.884766 0.323587 0.886719 0.325536 0.892578 0.325536 0.894531 0.327485 0.896484 0.327485 0.898438 0.329435 0.904297 0.329435 0.906250 0.327485 0.908203 0.327485 0.910156 0.325536 0.912109 0.325536 0.912109 0.321637 0.914062 0.319688 0.914062 0.306043 0.912109 0.304094 0.912109 0.300195 0.910156 0.298246 0.910156 0.296296 0.908203 0.296296 0.902344 0.290448
0 0.927734 0.294347 0.925781 0.296296 0.923828 0.296296 0.923828 0.298246 0.921875 0.300195 0.919922 0.300195 0.919922 0.304094 0.917969 0.306043 0.917969 0.317739 0.925781 0.325536 0.925781 0.327485 0.927734 0.327485 0.929688 0.329435 0.943359 0.329435 0.945312 0.327485 0.945312 0.325536 0.951172 0.319688 0.951172 0.306043 0.949219 0.304094 0.949219 0.302144 0.945312 0.298246 0.945312 0.296296 0.943359 0.294347
0 0.791016 0.280702 0.789062 0.282651 0.789062 0.284600 0.787109 0.286550 0.787109 0.292398 0.785156 0.294347 0.785156 0.302144 0.787109 0.304094 0.787109 0.306043 0.789062 0.307992 0.789062 0.309942 0.791016 0.311891 0.792969 0.311891 0.794922 0.313840 0.796875 0.313840 0.798828 0.315789 0.806641 0.315789 0.820312 0.302144 0.820312 0.286550 0.818359 0.284600 0.814453 0.284600 0.812500 0.282651 0.806641 0.282651 0.804688 0.280702
0 0.808594 0.245614 0.806641 0.247563 0.804688 0.247563 0.802734 0.249513 0.802734 0.251462 0.800781 0.253411 0.798828 0.253411 0.798828 0.255361 0.796875 0.257310 0.796875 0.259259 0.794922 0.261209 0.794922 0.270955 0.798828 0.274854 0.798828 0.276803 0.800781 0.276803 0.802734 0.278752 0.804688 0.278752 0.806641 0.280702 0.812500 0.280702 0.814453 0.282651 0.822266 0.282651 0.824219 0.280702 0.828125 0.280702 0.830078 0.278752 0.830078 0.276803 0.832031 0.274854 0.832031 0.272904 0.833984 0.270955 0.833984 0.259259 0.830078 0.255361 0.830078 0.253411 0.828125 0.251462 0.828125 0.249513 0.824219 0.245614
0 0.794922 0.212476 0.792969 0.214425 0.791016 0.214425 0.789062 0.216374 0.789062 0.218324 0.787109 0.220273 0.785156 0.220273 0.783203 0.222222 0.783203 0.233918 0.785156 0.235867 0.785156 0.237817 0.791016 0.243665 0.794922 0.243665 0.796875 0.245614 0.802734 0.245614 0.804688 0.243665 0.812500 0.243665 0.812500 0.241715 0.818359 0.235867 0.818359 0.224172 0.816406 0.224172 0.814453 0.222222 0.814453 0.220273 0.808594 0.214425 0.804688 0.214425 0.802734 0.212476
0 0.847656 0.226121 0.845703 0.228070 0.837891 0.228070 0.835938 0.230019 0.833984 0.230019 0.833984 0.231969 0.828125 0.237817 0.828125 0.245614 0.830078 0.247563 0.830078 0.249513 0.832031 0.251462 0.832031 0.255361 0.835938 0.259259 0.835938 0.261209 0.837891 0.263158 0.841797 0.263158 0.843750 0.265107 0.855469 0.265107 0.857422 0.263158 0.859375 0.263158 0.863281 0.259259 0.863281 0.257310 0.865234 0.255361 0.865234 0.251462 0.867188 0.249513 0.867188 0.247563 0.865234 0.245614 0.865234 0.239766 0.863281 0.237817 0.863281 0.235867 0.853516 0.226121
0 0.916016 0.263158 0.914062 0.265107 0.910156 0.265107 0.908203 0.267057 0.902344 0.267057 0.900391 0.269006 0.900391 0.270955 0.898438 0.272904 0.898438 0.276803 0.896484 0.278752 0.898438 0.280702 0.898438 0.282651 0.900391 0.284600 0.900391 0.286550 0.906250 0.292398 0.910156 0.292398 0.912109 0.294347 0.921875 0.294347 0.923828 0.292398 0.933594 0.292398 0.935547 0.290448 0.935547 0.288499 0.937500 0.286550 0.937500 0.284600 0.939453 0.282651 0.939453 0.276803 0.937500 0.274854 0.937500 0.272904 0.935547 0.270955 0.935547 0.267057 0.933594 0.265107 0.929688 0.265107 0.927734 0.263158
0 0.904297 0.228070 0.902344 0.230019 0.898438 0.230019 0.888672 0.239766 0.888672 0.245614 0.886719 0.247563 0.888672 0.249513 0.888672 0.255361 0.890625 0.255361 0.894531 0.259259 0.896484 0.259259 0.898438 0.261209 0.898438 0.263158 0.902344 0.263158 0.904297 0.265107 0.908203 0.265107 0.910156 0.263158 0.914062 0.263158 0.916016 0.261209 0.917969 0.261209 0.925781 0.253411 0.925781 0.239766 0.923828 0.237817 0.923828 0.235867 0.917969 0.230019 0.910156 0.230019 0.908203 0.228070
0 0.876953 0.204678 0.875000 0.206628 0.867188 0.206628 0.865234 0.208577 0.861328 0.208577 0.857422 0.212476 0.857422 0.226121 0.861328 0.230019 0.861328 0.231969 0.867188 0.237817 0.867188 0.239766 0.869141 0.241715 0.875000 0.241715 0.876953 0.243665 0.880859 0.243665 0.882812 0.241715 0.884766 0.241715 0.894531 0.231969 0.894531 0.216374 0.886719 0.208577 0.884766 0.208577 0.882812 0.206628 0.878906 0.206628
0 0.728516 0.196881 0.724609 0.200780 0.722656 0.200780 0.720703 0.202729 0.718750 0.202729 0.718750 0.222222 0.720703 0.224172 0.720703 0.226121 0.724609 0.230019 0.728516 0.230019 0.730469 0.231969 0.744141 0.231969 0.746094 0.230019 0.748047 0.230019 0.750000 0.228070 0.750000 0.224172 0.751953 0.222222 0.751953 0.212476 0.750000 0.210526 0.750000 0.204678 0.746094 0.200780 0.744141 0.200780 0.742188 0.198830 0.740234 0.198830 0.738281 0.196881
0 0.767578 0.189084 0.765625 0.191033 0.761719 0.191033 0.759766 0.192982 0.759766 0.194932 0.757812 0.196881 0.755859 0.196881 0.753906 0.198830 0.753906 0.200780 0.751953 0.202729 0.751953 0.210526 0.753906 0.212476 0.753906 0.216374 0.761719 0.224172 0.777344 0.224172 0.779297 0.222222 0.781250 0.222222 0.785156 0.218324 0.787109 0.218324 0.787109 0.216374 0.791016 0.212476 0.791016 0.204678 0.789062 0.202729 0.789062 0.198830 0.787109 0.196881 0.787109 0.194932 0.785156 0.192982 0.781250 0.192982 0.779297 0.191033 0.775391 0.191033 0.773438 0.189084
0 0.742188 0.163743 0.740234 0.165692 0.738281 0.165692 0.736328 0.167641 0.732422 0.167641 0.732422 0.171540 0.730469 0.173489 0.730469 0.177388 0.728516 0.179337 0.728516 0.185185 0.730469 0.187135 0.730469 0.189084 0.732422 0.191033 0.732422 0.192982 0.734375 0.192982 0.736328 0.194932 0.738281 0.194932 0.740234 0.196881 0.753906 0.196881 0.755859 0.194932 0.757812 0.194932 0.757812 0.192982 0.759766 0.191033 0.759766 0.189084 0.761719 0.187135 0.761719 0.181287 0.759766 0.179337 0.759766 0.171540 0.757812 0.169591 0.757812 0.167641 0.753906 0.167641 0.751953 0.165692 0.744141 0.165692
0 0.746094 0.124756 0.744141 0.126706 0.738281 0.126706 0.732422 0.132554 0.732422 0.134503 0.730469 0.136452 0.728516 0.136452 0.728516 0.148148 0.730469 0.150097 0.730469 0.152047 0.734375 0.155945 0.734375 0.157895 0.736328 0.159844 0.738281 0.159844 0.740234 0.161793 0.742188 0.161793 0.744141 0.163743 0.751953 0.163743 0.753906 0.161793 0.757812 0.161793 0.761719 0.157895 0.761719 0.155945 0.765625 0.152047 0.765625 0.150097 0.767578 0.148148 0.767578 0.134503 0.765625 0.134503 0.761719 0.130604 0.761719 0.128655 0.759766 0.126706 0.748047 0.126706
0 0.777344 0.148148 0.775391 0.150097 0.769531 0.150097 0.769531 0.152047 0.759766 0.161793 0.759766 0.165692 0.761719 0.167641 0.761719 0.171540 0.763672 0.173489 0.763672 0.175439 0.767578 0.179337 0.767578 0.181287 0.769531 0.183236 0.769531 0.185185 0.771484 0.185185 0.773438 0.187135 0.779297 0.187135 0.781250 0.189084 0.785156 0.189084 0.794922 0.179337 0.794922 0.177388 0.796875 0.175439 0.796875 0.165692 0.794922 0.163743 0.794922 0.157895 0.792969 0.157895 0.785156 0.150097 0.779297 0.150097
0 0.804688 0.175439 0.802734 0.177388 0.800781 0.177388 0.798828 0.179337 0.796875 0.179337 0.791016 0.185185 0.791016 0.189084 0.789062 0.191033 0.789062 0.196881 0.791016 0.198830 0.791016 0.200780 0.796875 0.206628 0.798828 0.206628 0.800781 0.208577 0.806641 0.208577 0.812500 0.202729 0.814453 0.202729 0.814453 0.200780 0.822266 0.192982 0.822266 0.185185 0.820312 0.183236 0.820312 0.181287 0.816406 0.177388 0.814453 0.177388 0.812500 0.175439
0 0.822266 0.194932 0.816406 0.200780 0.816406 0.202729 0.814453 0.204678 0.812500 0.204678 0.812500 0.214425 0.814453 0.216374 0.814453 0.218324 0.816406 0.220273 0.816406 0.222222 0.818359 0.222222 0.820312 0.224172 0.822266 0.224172 0.826172 0.228070 0.835938 0.228070 0.837891 0.226121 0.839844 0.226121 0.841797 0.224172 0.845703 0.224172 0.847656 0.222222 0.849609 0.222222 0.851562 0.220273 0.851562 0.208577 0.847656 0.204678 0.845703 0.204678 0.841797 0.200780 0.841797 0.198830 0.839844 0.196881 0.837891 0.196881 0.835938 0.194932
0 0.998047 0.233918 0.988281 0.243665 0.986328 0.243665 0.984375 0.245614 0.984375 0.249513 0.982422 0.251462 0.982422 0.261209 0.988281 0.267057 0.988281 0.269006 0.990234 0.270955 0.992188 0.270955 0.998047 0.276803
0 0.990234 0.134503 0.988281 0.136452 0.986328 0.136452 0.984375 0.138402 0.984375 0.142300 0.982422 0.144250 0.982422 0.148148 0.980469 0.150097 0.980469 0.152047 0.978516 0.153996 0.978516 0.157895 0.980469 0.159844 0.980469 0.163743 0.984375 0.167641 0.984375 0.171540 0.986328 0.173489 0.998047 0.173489 0.998047 0.134503
0 0.853516 0.167641 0.851562 0.169591 0.849609 0.169591 0.847656 0.171540 0.845703 0.171540 0.843750 0.173489 0.843750 0.177388 0.841797 0.179337 0.841797 0.185185 0.839844 0.187135 0.839844 0.194932 0.843750 0.198830 0.843750 0.200780 0.845703 0.200780 0.851562 0.206628 0.865234 0.206628 0.867188 0.204678 0.869141 0.204678 0.873047 0.200780 0.875000 0.200780 0.875000 0.198830 0.876953 0.196881 0.876953 0.192982 0.878906 0.191033 0.878906 0.189084 0.876953 0.187135 0.876953 0.183236 0.871094 0.177388 0.869141 0.177388 0.867188 0.175439 0.865234 0.175439 0.861328 0.171540 0.859375 0.171540 0.857422 0.169591 0.855469 0.169591
0 0.859375 0.140351 0.853516 0.146199 0.853516 0.161793 0.859375 0.167641 0.861328 0.167641 0.863281 0.169591 0.863281 0.171540 0.871094 0.171540 0.873047 0.173489 0.878906 0.173489 0.880859 0.171540 0.882812 0.171540 0.886719 0.167641 0.886719 0.161793 0.888672 0.159844 0.888672 0.157895 0.886719 0.155945 0.886719 0.150097 0.882812 0.146199 0.882812 0.142300 0.880859 0.142300 0.878906 0.140351
0 0.863281 0.105263 0.861328 0.107212 0.859375 0.107212 0.855469 0.111111 0.853516 0.111111 0.851562 0.113060 0.851562 0.120858 0.853516 0.122807 0.853516 0.128655 0.855469 0.130604 0.857422 0.130604 0.863281 0.136452 0.876953 0.136452 0.884766 0.128655 0.884766 0.115010 0.876953 0.107212 0.875000 0.107212 0.873047 0.105263
0 0.847656 0.068226 0.845703 0.070175 0.843750 0.070175 0.841797 0.072125 0.839844 0.072125 0.833984 0.077973 0.832031 0.077973 0.832031 0.079922 0.830078 0.081871 0.830078 0.093567 0.832031 0.095517 0.833984 0.095517 0.835938 0.097466 0.835938 0.099415 0.839844 0.103314 0.839844 0.105263 0.845703 0.105263 0.847656 0.107212 0.849609 0.105263 0.861328 0.105263 0.863281 0.103314 0.865234 0.103314 0.867188 0.101365 0.867188 0.099415 0.873047 0.093567 0.873047 0.085770 0.871094 0.083821 0.871094 0.081871 0.857422 0.068226
0 0.822266 0.042885 0.820312 0.044834 0.820312 0.046784 0.810547 0.056530 0.810547 0.062378 0.812500 0.064327 0.812500 0.066277 0.814453 0.068226 0.814453 0.070175 0.816406 0.072125 0.818359 0.072125 0.820312 0.074074 0.833984 0.074074 0.835938 0.072125 0.837891 0.072125 0.839844 0.070175 0.841797 0.070175 0.843750 0.068226 0.843750 0.066277 0.845703 0.064327 0.845703 0.062378 0.847656 0.060429 0.845703 0.058480 0.845703 0.052632 0.843750 0.050682 0.843750 0.046784 0.841797 0.044834 0.841797 0.042885
0 0.792969 0.021442 0.791016 0.023392 0.791016 0.025341 0.789062 0.027290 0.789062 0.029240 0.787109 0.031189 0.787109 0.040936 0.789062 0.042885 0.789062 0.048733 0.791016 0.050682 0.794922 0.050682 0.798828 0.054581 0.806641 0.054581 0.808594 0.052632 0.810547 0.052632 0.812500 0.050682 0.814453 0.050682 0.818359 0.046784 0.818359 0.042885 0.820312 0.040936 0.820312 0.033138 0.818359 0.031189 0.818359 0.025341 0.816406 0.023392 0.814453 0.023392 0.812500 0.021442
0 0.552734 0.093567 0.550781 0.095517 0.548828 0.095517 0.546875 0.097466 0.546875 0.099415 0.541016 0.105263 0.541016 0.109162 0.539062 0.111111 0.541016 0.113060 0.541016 0.116959 0.546875 0.122807 0.548828 0.122807 0.550781 0.124756 0.552734 0.124756 0.554688 0.126706 0.564453 0.126706 0.568359 0.122807 0.570312 0.122807 0.572266 0.120858 0.572266 0.118908 0.574219 0.116959 0.574219 0.105263 0.566406 0.097466 0.566406 0.095517 0.564453 0.095517 0.562500 0.093567
0 0.537109 0.126706 0.535156 0.128655 0.535156 0.132554 0.533203 0.134503 0.533203 0.136452 0.531250 0.138402 0.531250 0.146199 0.535156 0.150097 0.535156 0.155945 0.537109 0.157895 0.541016 0.157895 0.542969 0.159844 0.548828 0.159844 0.550781 0.157895 0.556641 0.157895 0.560547 0.153996 0.560547 0.152047 0.562500 0.150097 0.562500 0.146199 0.564453 0.144250 0.564453 0.140351 0.560547 0.136452 0.560547 0.134503 0.558594 0.132554 0.556641 0.132554 0.554688 0.130604 0.554688 0.128655 0.550781 0.128655 0.548828 0.126706
0 0.513672 0.148148 0.511719 0.150097 0.509766 0.150097 0.507812 0.152047 0.505859 0.152047 0.503906 0.153996 0.503906 0.173489 0.505859 0.175439 0.505859 0.177388 0.507812 0.177388 0.511719 0.181287 0.527344 0.181287 0.529297 0.179337 0.531250 0.179337 0.533203 0.177388 0.533203 0.157895 0.531250 0.155945 0.531250 0.153996 0.529297 0.153996 0.523438 0.148148
0 0.484375 0.173489 0.480469 0.177388 0.480469 0.185185 0.478516 0.187135 0.478516 0.191033 0.480469 0.192982 0.480469 0.200780 0.482422 0.202729 0.482422 0.204678 0.484375 0.204678 0.486328 0.206628 0.488281 0.206628 0.490234 0.208577 0.494141 0.208577 0.496094 0.210526 0.498047 0.208577 0.500000 0.208577 0.501953 0.206628 0.503906 0.206628 0.505859 0.204678 0.505859 0.202729 0.507812 0.200780 0.507812 0.198830 0.509766 0.196881 0.509766 0.183236 0.507812 0.181287 0.507812 0.179337 0.505859 0.179337 0.500000 0.173489
0 0.521484 0.183236 0.515625 0.189084 0.513672 0.189084 0.513672 0.194932 0.511719 0.196881 0.511719 0.202729 0.513672 0.204678 0.513672 0.208577 0.517578 0.212476 0.521484 0.212476 0.523438 0.214425 0.535156 0.214425 0.541016 0.208577 0.541016 0.206628 0.542969 0.204678 0.542969 0.196881 0.541016 0.194932 0.541016 0.189084 0.539062 0.187135 0.537109 0.187135 0.535156 0.185185 0.533203 0.185185 0.531250 0.183236
0 0.451172 0.181287 0.449219 0.183236 0.447266 0.183236 0.447266 0.185185 0.445312 0.187135 0.443359 0.187135 0.441406 0.189084 0.441406 0.191033 0.439453 0.192982 0.439453 0.202729 0.441406 0.204678 0.441406 0.206628 0.443359 0.208577 0.445312 0.208577 0.447266 0.210526 0.447266 0.212476 0.449219 0.212476 0.451172 0.214425 0.453125 0.214425 0.455078 0.216374 0.466797 0.216374 0.468750 0.214425 0.470703 0.214425 0.470703 0.212476 0.472656 0.210526 0.472656 0.208577 0.474609 0.206628 0.474609 0.202729 0.476562 0.200780 0.476562 0.198830 0.474609 0.196881 0.474609 0.192982 0.472656 0.191033 0.472656 0.189084 0.470703 0.187135 0.468750 0.187135 0.464844 0.183236 0.462891 0.183236 0.460938 0.181287
0 0.437500 0.218324 0.435547 0.220273 0.433594 0.220273 0.433594 0.222222 0.431641 0.224172 0.431641 0.226121 0.429688 0.228070 0.429688 0.233918 0.431641 0.235867 0.431641 0.237817 0.433594 0.239766 0.433594 0.241715 0.439453 0.247563 0.439453 0.249513 0.445312 0.249513 0.447266 0.251462 0.449219 0.251462 0.451172 0.249513 0.460938 0.249513 0.468750 0.241715 0.468750 0.231969 0.466797 0.230019 0.466797 0.228070 0.464844 0.226121 0.464844 0.224172 0.460938 0.220273 0.457031 0.220273 0.455078 0.218324
0 0.423828 0.245614 0.417969 0.251462 0.416016 0.251462 0.414062 0.253411 0.414062 0.255361 0.412109 0.257310 0.412109 0.263158 0.417969 0.269006 0.417969 0.270955 0.421875 0.274854 0.421875 0.276803 0.423828 0.276803 0.425781 0.278752 0.429688 0.278752 0.431641 0.280702 0.435547 0.280702 0.437500 0.278752 0.443359 0.278752 0.443359 0.276803 0.445312 0.274854 0.445312 0.272904 0.447266 0.270955 0.447266 0.261209 0.445312 0.259259 0.445312 0.257310 0.443359 0.255361 0.443359 0.253411 0.441406 0.251462 0.439453 0.251462 0.437500 0.249513 0.435547 0.249513 0.431641 0.245614
0 0.400391 0.261209 0.398438 0.263158 0.394531 0.263158 0.392578 0.265107 0.392578 0.267057 0.390625 0.269006 0.388672 0.269006 0.386719 0.270955 0.386719 0.286550 0.392578 0.292398 0.392578 0.294347 0.394531 0.296296 0.400391 0.296296 0.402344 0.298246 0.408203 0.298246 0.410156 0.296296 0.412109 0.296296 0.412109 0.294347 0.417969 0.288499 0.417969 0.278752 0.416016 0.276803 0.416016 0.272904 0.406250 0.263158 0.404297 0.263158 0.402344 0.261209
0 0.468750 0.251462 0.464844 0.255361 0.462891 0.255361 0.460938 0.257310 0.460938 0.261209 0.457031 0.265107 0.458984 0.267057 0.458984 0.272904 0.468750 0.282651 0.470703 0.282651 0.472656 0.284600 0.486328 0.284600 0.492188 0.278752 0.494141 0.278752 0.494141 0.276803 0.496094 0.274854 0.496094 0.261209 0.494141 0.259259 0.494141 0.257310 0.492188 0.255361 0.490234 0.255361 0.486328 0.251462
0 0.427734 0.282651 0.425781 0.284600 0.423828 0.284600 0.419922 0.288499 0.419922 0.290448 0.417969 0.292398 0.417969 0.300195 0.416016 0.302144 0.417969 0.304094 0.417969 0.307992 0.427734 0.317739 0.429688 0.317739 0.431641 0.319688 0.441406 0.319688 0.443359 0.317739 0.445312 0.317739 0.445312 0.315789 0.451172 0.309942 0.451172 0.294347 0.449219 0.292398 0.449219 0.290448 0.445312 0.286550 0.445312 0.284600 0.443359 0.284600 0.441406 0.282651
0 0.425781 0.319688 0.423828 0.321637 0.417969 0.321637 0.417969 0.323587 0.416016 0.325536 0.416016 0.327485 0.414062 0.329435 0.414062 0.331384 0.412109 0.333333 0.412109 0.337232 0.414062 0.339181 0.414062 0.345029 0.416016 0.346979 0.416016 0.350877 0.417969 0.350877 0.423828 0.356725 0.435547 0.356725 0.441406 0.350877 0.441406 0.348928 0.443359 0.346979 0.443359 0.339181 0.441406 0.337232 0.441406 0.333333 0.439453 0.331384 0.439453 0.329435 0.437500 0.327485 0.437500 0.325536 0.435547 0.325536 0.431641 0.321637 0.427734 0.321637
0 0.455078 0.315789 0.453125 0.317739 0.447266 0.317739 0.447266 0.319688 0.443359 0.323587 0.443359 0.331384 0.445312 0.333333 0.445312 0.337232 0.447266 0.339181 0.447266 0.341131 0.449219 0.343080 0.449219 0.345029 0.451172 0.346979 0.472656 0.346979 0.472656 0.345029 0.474609 0.343080 0.474609 0.339181 0.476562 0.337232 0.476562 0.327485 0.474609 0.325536 0.474609 0.323587 0.470703 0.319688 0.468750 0.319688 0.466797 0.317739 0.464844 0.317739 0.462891 0.315789
0 0.464844 0.284600 0.462891 0.286550 0.460938 0.286550 0.458984 0.288499 0.458984 0.290448 0.455078 0.294347 0.455078 0.296296 0.453125 0.298246 0.453125 0.300195 0.455078 0.302144 0.455078 0.307992 0.457031 0.309942 0.457031 0.311891 0.458984 0.311891 0.460938 0.313840 0.462891 0.313840 0.464844 0.315789 0.466797 0.315789 0.468750 0.317739 0.470703 0.317739 0.474609 0.321637 0.480469 0.321637 0.486328 0.315789 0.486328 0.313840 0.488281 0.311891 0.488281 0.306043 0.486328 0.304094 0.486328 0.296296 0.484375 0.294347 0.484375 0.292398 0.482422 0.290448 0.482422 0.288499 0.480469 0.286550 0.472656 0.286550 0.470703 0.284600
0 0.501953 0.278752 0.498047 0.282651 0.496094 0.282651 0.492188 0.286550 0.492188 0.309942 0.498047 0.315789 0.500000 0.315789 0.503906 0.319688 0.505859 0.319688 0.507812 0.317739 0.511719 0.317739 0.521484 0.307992 0.521484 0.300195 0.523438 0.298246 0.523438 0.288499 0.521484 0.286550 0.521484 0.282651 0.519531 0.282651 0.517578 0.280702 0.515625 0.280702 0.513672 0.278752
0 0.488281 0.321637 0.482422 0.327485 0.482422 0.329435 0.480469 0.331384 0.480469 0.333333 0.478516 0.335283 0.478516 0.345029 0.482422 0.348928 0.482422 0.352827 0.486328 0.356725 0.503906 0.356725 0.507812 0.352827 0.509766 0.352827 0.509766 0.348928 0.511719 0.346979 0.511719 0.333333 0.501953 0.323587 0.498047 0.323587 0.496094 0.321637
0 0.511719 0.352827 0.509766 0.354776 0.507812 0.354776 0.503906 0.358674 0.501953 0.358674 0.500000 0.360624 0.500000 0.372320 0.505859 0.378168 0.507812 0.378168 0.509766 0.380117 0.511719 0.380117 0.513672 0.382066 0.515625 0.382066 0.517578 0.384016 0.521484 0.384016 0.523438 0.382066 0.525391 0.382066 0.531250 0.376218 0.531250 0.374269 0.533203 0.372320 0.533203 0.362573 0.531250 0.360624 0.531250 0.358674 0.529297 0.358674 0.525391 0.354776 0.525391 0.352827
0 0.521484 0.317739 0.517578 0.321637 0.515625 0.321637 0.515625 0.343080 0.517578 0.345029 0.517578 0.346979 0.519531 0.346979 0.521484 0.348928 0.523438 0.348928 0.525391 0.350877 0.531250 0.350877 0.533203 0.352827 0.535156 0.350877 0.539062 0.350877 0.541016 0.348928 0.542969 0.348928 0.544922 0.346979 0.546875 0.346979 0.548828 0.345029 0.548828 0.339181 0.550781 0.337232 0.548828 0.335283 0.548828 0.333333 0.546875 0.331384 0.546875 0.329435 0.542969 0.325536 0.541016 0.325536 0.535156 0.319688 0.531250 0.319688 0.529297 0.317739
0 0.541016 0.282651 0.537109 0.286550 0.535156 0.286550 0.531250 0.290448 0.531250 0.292398 0.529297 0.294347 0.529297 0.300195 0.527344 0.302144 0.527344 0.307992 0.529297 0.309942 0.529297 0.313840 0.531250 0.315789 0.533203 0.315789 0.535156 0.317739 0.537109 0.317739 0.541016 0.321637 0.556641 0.321637 0.558594 0.319688 0.558594 0.317739 0.564453 0.311891 0.564453 0.296296 0.562500 0.294347 0.562500 0.292398 0.556641 0.286550 0.552734 0.286550 0.550781 0.284600 0.548828 0.284600 0.546875 0.282651
0 0.576172 0.263158 0.574219 0.265107 0.572266 0.265107 0.568359 0.269006 0.566406 0.269006 0.566406 0.270955 0.564453 0.272904 0.564453 0.276803 0.562500 0.278752 0.562500 0.282651 0.564453 0.284600 0.564453 0.288499 0.566406 0.290448 0.566406 0.292398 0.572266 0.298246 0.572266 0.300195 0.574219 0.300195 0.576172 0.302144 0.578125 0.302144 0.580078 0.304094 0.583984 0.304094 0.585938 0.302144 0.591797 0.302144 0.595703 0.298246 0.597656 0.298246 0.597656 0.292398 0.599609 0.290448 0.599609 0.278752 0.595703 0.274854 0.595703 0.272904 0.593750 0.270955 0.593750 0.269006 0.589844 0.269006 0.587891 0.267057 0.587891 0.265107 0.585938 0.265107 0.583984 0.263158
0 0.599609 0.245614 0.597656 0.247563 0.593750 0.247563 0.591797 0.249513 0.591797 0.251462 0.589844 0.253411 0.589844 0.267057 0.593750 0.267057 0.601562 0.274854 0.603516 0.274854 0.605469 0.276803 0.613281 0.276803 0.617188 0.272904 0.619141 0.272904 0.619141 0.267057 0.621094 0.265107 0.621094 0.257310 0.619141 0.255361 0.619141 0.249513 0.617188 0.247563 0.613281 0.247563 0.611328 0.245614
0 0.609375 0.280702 0.605469 0.284600 0.603516 0.284600 0.601562 0.286550 0.601562 0.290448 0.599609 0.292398 0.599609 0.300195 0.601562 0.302144 0.601562 0.306043 0.609375 0.313840 0.619141 0.313840 0.623047 0.309942 0.625000 0.309942 0.628906 0.306043 0.628906 0.286550 0.623047 0.280702
0 0.638672 0.243665 0.636719 0.245614 0.634766 0.245614 0.632812 0.247563 0.630859 0.247563 0.630859 0.249513 0.625000 0.255361 0.625000 0.263158 0.623047 0.265107 0.625000 0.267057 0.625000 0.269006 0.630859 0.274854 0.630859 0.276803 0.632812 0.278752 0.640625 0.278752 0.642578 0.276803 0.644531 0.276803 0.646484 0.274854 0.648438 0.274854 0.654297 0.269006 0.654297 0.251462 0.650391 0.247563 0.650391 0.245614 0.648438 0.245614 0.646484 0.243665
0 0.666016 0.253411 0.662109 0.257310 0.660156 0.257310 0.658203 0.259259 0.658203 0.274854 0.660156 0.276803 0.660156 0.278752 0.662109 0.278752 0.664062 0.280702 0.666016 0.280702 0.669922 0.284600 0.679688 0.284600 0.681641 0.282651 0.685547 0.282651 0.687500 0.280702 0.687500 0.276803 0.689453 0.274854 0.689453 0.261209 0.687500 0.261209 0.685547 0.259259 0.685547 0.257310 0.683594 0.255361 0.681641 0.255361 0.679688 0.253411
0 0.650391 0.276803 0.648438 0.278752 0.646484 0.278752 0.644531 0.280702 0.640625 0.280702 0.638672 0.282651 0.636719 0.282651 0.634766 0.284600 0.634766 0.302144 0.638672 0.306043 0.638672 0.307992 0.646484 0.315789 0.648438 0.315789 0.652344 0.319688 0.654297 0.319688 0.656250 0.317739 0.660156 0.317739 0.667969 0.309942 0.667969 0.304094 0.671875 0.300195 0.671875 0.292398 0.669922 0.290448 0.669922 0.288499 0.662109 0.280702 0.660156 0.280702 0.658203 0.278752 0.656250 0.278752 0.654297 0.276803
0 0.681641 0.298246 0.679688 0.300195 0.673828 0.300195 0.669922 0.304094 0.669922 0.309942 0.667969 0.311891 0.667969 0.319688 0.669922 0.321637 0.669922 0.327485 0.679688 0.337232 0.685547 0.337232 0.687500 0.339181 0.697266 0.339181 0.703125 0.333333 0.703125 0.331384 0.705078 0.329435 0.705078 0.327485 0.707031 0.325536 0.707031 0.323587 0.705078 0.321637 0.705078 0.317739 0.701172 0.313840 0.701172 0.309942 0.699219 0.309942 0.697266 0.307992 0.697266 0.306043 0.691406 0.300195 0.685547 0.300195 0.683594 0.298246
0 0.699219 0.272904 0.697266 0.274854 0.691406 0.274854 0.689453 0.276803 0.689453 0.280702 0.687500 0.282651 0.687500 0.292398 0.689453 0.294347 0.689453 0.296296 0.697266 0.304094 0.699219 0.304094 0.701172 0.306043 0.707031 0.306043 0.708984 0.304094 0.710938 0.304094 0.716797 0.298246 0.716797 0.290448 0.714844 0.288499 0.714844 0.282651 0.708984 0.276803 0.708984 0.274854 0.705078 0.274854 0.703125 0.272904