0 0.000000 0.013672 0.000000 0.037109 0.001946 0.037109 0.003891 0.035156 0.005837 0.035156 0.007782 0.033203 0.007782 0.031250 0.009728 0.029297 0.009728 0.021484 0.007782 0.019531 0.007782 0.017578 0.005837 0.017578 0.001946 0.013672
0 0.052529 0.000000 0.054475 0.001953 0.056420 0.001953 0.058366 0.000000 0.060311 0.000000
0 0.058366 0.083984 0.054475 0.087891 0.054475 0.093750 0.056420 0.095703 0.066148 0.095703 0.066148 0.087891 0.062257 0.083984
0 0.130350 0.042969 0.126459 0.046875 0.126459 0.050781 0.128405 0.052734 0.128405 0.056641 0.136187 0.056641 0.136187 0.054688 0.138132 0.052734 0.138132 0.044922 0.136187 0.042969
0 0.200389 0.009766 0.198444 0.011719 0.198444 0.017578 0.202335 0.021484 0.206226 0.021484 0.206226 0.019531 0.208171 0.017578 0.208171 0.013672 0.204280 0.009766
0 0.346304 0.000000 0.346304 0.003906 0.348249 0.005859 0.354086 0.005859 0.356031 0.003906 0.356031 0.000000
0 0.441634 0.007812 0.439689 0.009766 0.437743 0.009766 0.437743 0.021484 0.441634 0.021484 0.443580 0.023438 0.447471 0.023438 0.451362 0.019531 0.451362 0.009766 0.449416 0.007812
0 0.396887 0.044922 0.396887 0.052734 0.398833 0.054688 0.402724 0.054688 0.404669 0.052734 0.406615 0.052734 0.406615 0.050781 0.404669 0.048828 0.404669 0.046875 0.402724 0.046875 0.400778 0.044922
0 0.507782 0.035156 0.505837 0.037109 0.503891 0.037109 0.501946 0.039062 0.501946 0.041016 0.505837 0.044922 0.507782 0.044922 0.509728 0.042969 0.511673 0.042969 0.511673 0.041016 0.513619 0.039062 0.509728 0.035156
0 0.564202 0.044922 0.564202 0.046875 0.562257 0.048828 0.564202 0.050781 0.564202 0.052734 0.570039 0.052734 0.571984 0.054688 0.575875 0.054688 0.577821 0.052734 0.577821 0.048828 0.575875 0.046875 0.573930 0.046875 0.571984 0.044922
0 0.593385 0.033203 0.589494 0.037109 0.589494 0.041016 0.591440 0.042969 0.591440 0.044922 0.597276 0.044922 0.599222 0.042969 0.599222 0.037109 0.595331 0.033203
0 0.595331 0.000000 0.595331 0.001953 0.593385 0.003906 0.595331 0.005859 0.595331 0.007812 0.597276 0.009766 0.599222 0.009766 0.599222 0.007812 0.601167 0.005859 0.601167 0.000000
0 0.649805 0.001953 0.645914 0.005859 0.645914 0.013672 0.647860 0.015625 0.647860 0.017578 0.651751 0.021484 0.659533 0.021484 0.661479 0.019531 0.661479 0.009766 0.657588 0.005859 0.657588 0.003906 0.655642 0.003906 0.653696 0.001953
0 0.688716 0.009766 0.688716 0.021484 0.692607 0.021484 0.694553 0.023438 0.698444 0.023438 0.700389 0.021484 0.700389 0.017578 0.698444 0.015625 0.698444 0.011719 0.696498 0.011719 0.694553 0.009766
0 0.731518 0.017578 0.731518 0.019531 0.729572 0.021484 0.729572 0.027344 0.731518 0.029297 0.737354 0.029297 0.737354 0.025391 0.739300 0.023438 0.739300 0.019531 0.737354 0.019531 0.735409 0.017578
0 0.793774 0.042969 0.793774 0.054688 0.795720 0.056641 0.799611 0.056641 0.801556 0.058594 0.805447 0.058594 0.805447 0.056641 0.809339 0.052734 0.809339 0.044922 0.807393 0.042969
0 0.871595 0.039062 0.869650 0.041016 0.867704 0.041016 0.865759 0.042969 0.865759 0.048828 0.867704 0.050781 0.867704 0.054688 0.871595 0.054688 0.873541 0.056641 0.875486 0.054688 0.877432 0.054688 0.881323 0.050781 0.881323 0.048828 0.879377 0.046875 0.879377 0.044922 0.873541 0.039062
0 0.972763 0.000000 0.970817 0.001953 0.968872 0.001953 0.964981 0.005859 0.964981 0.009766 0.968872 0.013672 0.968872 0.015625 0.972763 0.019531 0.976654 0.019531 0.978599 0.017578 0.980545 0.017578 0.982490 0.015625 0.982490 0.013672 0.984436 0.011719 0.984436 0.007812 0.978599 0.001953 0.976654 0.001953 0.974708 0.000000
0 0.963035 0.044922 0.961089 0.046875 0.957198 0.046875 0.953307 0.050781 0.953307 0.058594 0.955253 0.060547 0.955253 0.062500 0.957198 0.064453 0.964981 0.064453 0.966926 0.062500 0.966926 0.046875 0.964981 0.046875
0 0.978599 0.119141 0.974708 0.123047 0.974708 0.125000 0.976654 0.126953 0.976654 0.128906 0.978599 0.130859 0.980545 0.130859 0.982490 0.132812 0.986381 0.132812 0.988327 0.130859 0.988327 0.128906 0.990272 0.126953 0.990272 0.125000 0.988327 0.123047 0.988327 0.121094 0.986381 0.119141
0 0.935798 0.111328 0.933852 0.113281 0.933852 0.121094 0.935798 0.123047 0.935798 0.125000 0.943580 0.125000 0.947471 0.121094 0.947471 0.117188 0.943580 0.113281 0.943580 0.111328
0 0.908560 0.087891 0.906615 0.089844 0.906615 0.097656 0.912451 0.103516 0.918288 0.103516 0.918288 0.101562 0.922179 0.097656 0.922179 0.093750 0.916342 0.087891
0 0.875486 0.074219 0.875486 0.083984 0.877432 0.085938 0.877432 0.089844 0.879377 0.091797 0.879377 0.093750 0.881323 0.095703 0.881323 0.097656 0.883268 0.097656 0.885214 0.099609 0.889105 0.099609 0.891051 0.101562 0.894942 0.101562 0.896887 0.099609 0.896887 0.097656 0.898833 0.095703 0.898833 0.087891 0.894942 0.083984 0.894942 0.082031 0.892996 0.082031 0.891051 0.080078 0.891051 0.078125 0.889105 0.076172 0.885214 0.076172 0.883268 0.074219
0 0.799611 0.109375 0.795720 0.113281 0.795720 0.115234 0.797665 0.115234 0.801556 0.111328 0.801556 0.109375
0 0.766537 0.089844 0.760700 0.095703 0.760700 0.101562 0.762646 0.103516 0.764591 0.103516 0.766537 0.105469 0.768482 0.105469 0.770428 0.103516 0.774319 0.103516 0.774319 0.089844
0 0.752918 0.078125 0.750973 0.080078 0.750973 0.085938 0.752918 0.085938 0.756809 0.082031 0.756809 0.078125
0 0.714008 0.062500 0.710117 0.066406 0.710117 0.070312 0.712062 0.072266 0.712062 0.074219 0.714008 0.076172 0.714008 0.078125 0.719844 0.078125 0.723735 0.074219 0.723735 0.068359 0.721790 0.066406 0.721790 0.064453 0.719844 0.064453 0.717899 0.062500
0 0.665370 0.058594 0.661479 0.062500 0.661479 0.064453 0.665370 0.068359 0.667315 0.068359 0.669261 0.066406 0.671206 0.066406 0.671206 0.060547 0.669261 0.058594
0 0.591440 0.119141 0.587549 0.123047 0.587549 0.128906 0.589494 0.130859 0.589494 0.132812 0.593385 0.132812 0.595331 0.134766 0.597276 0.134766 0.599222 0.136719 0.601167 0.136719 0.605058 0.132812 0.605058 0.128906 0.607004 0.126953 0.607004 0.125000 0.601167 0.119141
0 0.478599 0.087891 0.478599 0.091797 0.474708 0.095703 0.474708 0.097656 0.478599 0.101562 0.478599 0.103516 0.482490 0.107422 0.484436 0.105469 0.488327 0.105469 0.488327 0.103516 0.492218 0.099609 0.494163 0.099609 0.492218 0.097656 0.492218 0.089844 0.490272 0.087891
0 0.396887 0.085938 0.396887 0.087891 0.394942 0.089844 0.394942 0.093750 0.396887 0.095703 0.396887 0.097656 0.398833 0.099609 0.408560 0.099609 0.408560 0.097656 0.410506 0.095703 0.410506 0.093750 0.408560 0.091797 0.408560 0.087891 0.402724 0.087891 0.400778 0.085938
0 0.297665 0.048828 0.293774 0.052734 0.293774 0.056641 0.299611 0.062500 0.303502 0.062500 0.305447 0.060547 0.305447 0.058594 0.307393 0.056641 0.305447 0.054688 0.305447 0.052734 0.301556 0.048828
0 0.249027 0.068359 0.245136 0.072266 0.245136 0.076172 0.243191 0.078125 0.245136 0.080078 0.249027 0.080078 0.250973 0.082031 0.252918 0.082031 0.254864 0.080078 0.254864 0.070312 0.252918 0.068359
0 0.317121 0.095703 0.315175 0.097656 0.311284 0.097656 0.309339 0.099609 0.309339 0.111328 0.311284 0.113281 0.321012 0.113281 0.321012 0.111328 0.322957 0.109375 0.322957 0.107422 0.324903 0.105469 0.324903 0.101562 0.322957 0.101562 0.321012 0.099609 0.321012 0.097656 0.319066 0.095703
0 0.190661 0.072266 0.190661 0.074219 0.188716 0.076172 0.188716 0.078125 0.196498 0.078125 0.196498 0.072266
0 0.221790 0.083984 0.219844 0.085938 0.219844 0.091797 0.225681 0.097656 0.231518 0.091797 0.231518 0.085938 0.229572 0.083984 0.227626 0.083984 0.225681 0.085938 0.223735 0.085938
0 0.070039 0.111328 0.068093 0.113281 0.068093 0.117188 0.070039 0.119141 0.071984 0.119141 0.073930 0.121094 0.075875 0.121094 0.075875 0.111328
0 0.108949 0.107422 0.105058 0.111328 0.105058 0.117188 0.107004 0.119141 0.112840 0.119141 0.112840 0.117188 0.114786 0.115234 0.114786 0.109375 0.112840 0.107422
0 0.196498 0.138672 0.194553 0.140625 0.192607 0.140625 0.192607 0.146484 0.194553 0.148438 0.194553 0.150391 0.196498 0.152344 0.204280 0.152344 0.206226 0.150391 0.206226 0.142578 0.202335 0.138672
0 0.163424 0.130859 0.161479 0.132812 0.161479 0.136719 0.163424 0.138672 0.167315 0.138672 0.169261 0.140625 0.171206 0.140625 0.173152 0.138672 0.173152 0.132812 0.171206 0.130859
0 0.140078 0.154297 0.138132 0.156250 0.138132 0.166016 0.143969 0.166016 0.143969 0.156250 0.142023 0.154297
0 0.001946 0.171875 0.000000 0.173828 0.000000 0.199219 0.007782 0.199219 0.009728 0.197266 0.009728 0.195312 0.011673 0.193359 0.013619 0.193359 0.013619 0.181641 0.011673 0.179688 0.011673 0.175781 0.009728 0.173828 0.007782 0.173828 0.005837 0.171875
0 0.091440 0.203125 0.087549 0.207031 0.087549 0.212891 0.091440 0.216797 0.093385 0.216797 0.095331 0.218750 0.097276 0.218750 0.099222 0.216797 0.101167 0.216797 0.103113 0.214844 0.101167 0.212891 0.101167 0.208984 0.099222 0.207031 0.099222 0.203125
0 0.079767 0.248047 0.077821 0.250000 0.077821 0.251953 0.075875 0.253906 0.077821 0.255859 0.077821 0.257812 0.085603 0.257812 0.085603 0.248047
0 0.110895 0.279297 0.108949 0.281250 0.107004 0.281250 0.107004 0.285156 0.108949 0.287109 0.108949 0.289062 0.114786 0.289062 0.114786 0.281250 0.112840 0.279297
0 0.075875 0.308594 0.073930 0.310547 0.070039 0.310547 0.070039 0.318359 0.071984 0.318359 0.073930 0.320312 0.079767 0.320312 0.081712 0.318359 0.083658 0.318359 0.083658 0.310547 0.081712 0.308594
0 0.157588 0.251953 0.155642 0.253906 0.155642 0.257812 0.153696 0.259766 0.153696 0.261719 0.155642 0.263672 0.155642 0.265625 0.163424 0.265625 0.165370 0.263672 0.165370 0.253906 0.163424 0.251953
0 0.210117 0.216797 0.208171 0.218750 0.206226 0.218750 0.202335 0.222656 0.202335 0.232422 0.204280 0.234375 0.206226 0.234375 0.208171 0.236328 0.214008 0.236328 0.219844 0.230469 0.219844 0.228516 0.221790 0.226562 0.221790 0.220703 0.215953 0.220703 0.214008 0.218750 0.214008 0.216797
0 0.225681 0.298828 0.223735 0.300781 0.221790 0.300781 0.221790 0.302734 0.219844 0.304688 0.221790 0.306641 0.221790 0.308594 0.223735 0.310547 0.225681 0.310547 0.227626 0.312500 0.229572 0.312500 0.235409 0.306641 0.237354 0.306641 0.239300 0.304688 0.237354 0.302734 0.237354 0.300781 0.235409 0.300781 0.233463 0.298828
0 0.322957 0.187500 0.321012 0.189453 0.317121 0.189453 0.313230 0.193359 0.313230 0.201172 0.315175 0.203125 0.319066 0.203125 0.321012 0.205078 0.322957 0.205078 0.324903 0.203125 0.326848 0.203125 0.328794 0.201172 0.328794 0.191406 0.326848 0.189453 0.324903 0.189453
0 0.383268 0.181641 0.381323 0.183594 0.381323 0.189453 0.387160 0.195312 0.391051 0.195312 0.391051 0.193359 0.392996 0.191406 0.394942 0.191406 0.394942 0.187500 0.392996 0.185547 0.392996 0.183594 0.391051 0.181641
0 0.406615 0.160156 0.402724 0.164062 0.402724 0.167969 0.404669 0.169922 0.404669 0.173828 0.406615 0.173828 0.408560 0.171875 0.408560 0.169922 0.410506 0.167969 0.412451 0.167969 0.412451 0.162109 0.410506 0.160156
0 0.431907 0.154297 0.429961 0.156250 0.429961 0.158203 0.428016 0.160156 0.428016 0.164062 0.433852 0.169922 0.435798 0.169922 0.437743 0.167969 0.439689 0.167969 0.441634 0.166016 0.441634 0.154297
0 0.321012 0.267578 0.317121 0.271484 0.317121 0.283203 0.319066 0.283203 0.321012 0.285156 0.324903 0.285156 0.326848 0.283203 0.328794 0.283203 0.328794 0.277344 0.330739 0.275391 0.330739 0.271484 0.326848 0.267578
0 0.392996 0.314453 0.391051 0.316406 0.389105 0.316406 0.387160 0.318359 0.385214 0.318359 0.383268 0.320312 0.383268 0.330078 0.385214 0.332031 0.387160 0.332031 0.389105 0.333984 0.396887 0.333984 0.398833 0.332031 0.400778 0.332031 0.400778 0.328125 0.402724 0.326172 0.402724 0.320312 0.396887 0.314453
0 0.426070 0.246094 0.424125 0.248047 0.424125 0.255859 0.428016 0.259766 0.435798 0.259766 0.435798 0.246094
0 0.416342 0.298828 0.414397 0.300781 0.414397 0.304688 0.416342 0.306641 0.416342 0.308594 0.418288 0.310547 0.420233 0.310547 0.424125 0.306641 0.422179 0.304688 0.422179 0.300781 0.420233 0.298828
0 0.472763 0.316406 0.470817 0.318359 0.470817 0.324219 0.472763 0.326172 0.472763 0.328125 0.476654 0.328125 0.478599 0.326172 0.478599 0.318359 0.476654 0.318359 0.474708 0.316406
0 0.445525 0.269531 0.443580 0.271484 0.441634 0.271484 0.441634 0.275391 0.445525 0.279297 0.451362 0.279297 0.451362 0.277344 0.453307 0.275391 0.453307 0.273438 0.455253 0.271484 0.453307 0.271484 0.451362 0.269531
0 0.507782 0.144531 0.505837 0.146484 0.505837 0.152344 0.507782 0.154297 0.507782 0.156250 0.509728 0.156250 0.511673 0.158203 0.517510 0.158203 0.519455 0.156250 0.521401 0.156250 0.521401 0.152344 0.519455 0.150391 0.519455 0.148438 0.515564 0.144531
0 0.498054 0.166016 0.498054 0.167969 0.496109 0.169922 0.498054 0.171875 0.498054 0.173828 0.500000 0.173828 0.501946 0.171875 0.503891 0.171875 0.503891 0.167969 0.501946 0.166016
0 0.527237 0.162109 0.527237 0.164062 0.525292 0.166016 0.523346 0.166016 0.519455 0.169922 0.519455 0.171875 0.521401 0.173828 0.521401 0.175781 0.525292 0.179688 0.531128 0.179688 0.533074 0.177734 0.535019 0.177734 0.536965 0.175781 0.536965 0.171875 0.538911 0.169922 0.536965 0.167969 0.536965 0.166016 0.533074 0.162109
0 0.605058 0.162109 0.605058 0.164062 0.603113 0.166016 0.603113 0.173828 0.607004 0.177734 0.610895 0.177734 0.612840 0.175781 0.614786 0.175781 0.618677 0.171875 0.618677 0.164062 0.616732 0.162109
0 0.538911 0.195312 0.538911 0.199219 0.536965 0.201172 0.536965 0.205078 0.544747 0.205078 0.546693 0.203125 0.546693 0.201172 0.544747 0.199219 0.544747 0.197266 0.542802 0.195312
0 0.533074 0.232422 0.533074 0.234375 0.531128 0.236328 0.531128 0.244141 0.533074 0.244141 0.535019 0.246094 0.535019 0.248047 0.542802 0.248047 0.542802 0.246094 0.544747 0.244141 0.544747 0.236328 0.540856 0.232422
0 0.585603 0.292969 0.579767 0.298828 0.579767 0.300781 0.581712 0.300781 0.585603 0.304688 0.589494 0.304688 0.591440 0.302734 0.591440 0.300781 0.593385 0.298828 0.593385 0.296875 0.591440 0.294922 0.589494 0.294922 0.587549 0.292969
0 0.589494 0.251953 0.587549 0.253906 0.585603 0.253906 0.581712 0.257812 0.581712 0.259766 0.579767 0.261719 0.581712 0.263672 0.581712 0.265625 0.583658 0.267578 0.589494 0.267578 0.595331 0.261719 0.595331 0.255859 0.591440 0.251953
0 0.616732 0.250000 0.614786 0.251953 0.614786 0.253906 0.612840 0.255859 0.612840 0.261719 0.614786 0.263672 0.614786 0.265625 0.616732 0.267578 0.624514 0.267578 0.628405 0.263672 0.628405 0.255859 0.626459 0.253906 0.626459 0.251953 0.624514 0.250000
0 0.657588 0.207031 0.651751 0.212891 0.651751 0.216797 0.653696 0.218750 0.655642 0.218750 0.657588 0.220703 0.659533 0.220703 0.661479 0.218750 0.661479 0.212891 0.659533 0.210938 0.659533 0.208984
0 0.677043 0.250000 0.675097 0.251953 0.673152 0.251953 0.673152 0.259766 0.677043 0.263672 0.682879 0.263672 0.684825 0.261719 0.686770 0.261719 0.686770 0.253906 0.684825 0.251953 0.682879 0.251953 0.680934 0.250000
0 0.696498 0.175781 0.694553 0.177734 0.694553 0.179688 0.692607 0.181641 0.692607 0.191406 0.694553 0.193359 0.700389 0.193359 0.702335 0.191406 0.704280 0.191406 0.706226 0.189453 0.706226 0.183594 0.704280 0.181641 0.704280 0.177734 0.702335 0.175781
0 0.739300 0.281250 0.737354 0.283203 0.735409 0.283203 0.735409 0.296875 0.739300 0.296875 0.741245 0.298828 0.743191 0.298828 0.745136 0.296875 0.747082 0.296875 0.749027 0.294922 0.749027 0.287109 0.747082 0.285156 0.747082 0.283203 0.745136 0.283203 0.743191 0.281250
0 0.745136 0.152344 0.743191 0.154297 0.741245 0.154297 0.737354 0.158203 0.737354 0.164062 0.739300 0.166016 0.739300 0.167969 0.745136 0.173828 0.750973 0.173828 0.756809 0.167969 0.756809 0.162109 0.754864 0.160156 0.754864 0.156250 0.752918 0.156250 0.750973 0.154297 0.749027 0.154297 0.747082 0.152344
0 0.770428 0.201172 0.770428 0.203125 0.768482 0.205078 0.768482 0.214844 0.770428 0.216797 0.770428 0.218750 0.784047 0.218750 0.785992 0.216797 0.785992 0.210938 0.784047 0.208984 0.784047 0.207031 0.778210 0.201172
0 0.844358 0.189453 0.842412 0.191406 0.840467 0.191406 0.840467 0.193359 0.838521 0.195312 0.838521 0.199219 0.840467 0.201172 0.840467 0.205078 0.846304 0.210938 0.856031 0.210938 0.856031 0.207031 0.859922 0.203125 0.859922 0.195312 0.856031 0.191406 0.854086 0.191406 0.852140 0.189453
0 0.898833 0.167969 0.894942 0.171875 0.892996 0.171875 0.892996 0.179688 0.896887 0.183594 0.906615 0.183594 0.910506 0.179688 0.910506 0.171875 0.906615 0.167969
0 0.885214 0.232422 0.881323 0.236328 0.881323 0.240234 0.883268 0.242188 0.883268 0.244141 0.885214 0.244141 0.887160 0.246094 0.892996 0.246094 0.896887 0.242188 0.896887 0.234375 0.894942 0.232422
0 0.918288 0.214844 0.916342 0.216797 0.914397 0.216797 0.914397 0.218750 0.912451 0.220703 0.912451 0.222656 0.914397 0.224609 0.914397 0.226562 0.916342 0.228516 0.920233 0.228516 0.922179 0.230469 0.924125 0.230469 0.926070 0.228516 0.926070 0.226562 0.928016 0.224609 0.928016 0.218750 0.926070 0.216797 0.924125 0.216797 0.922179 0.214844
0 0.982490 0.210938 0.980545 0.212891 0.980545 0.214844 0.978599 0.216797 0.978599 0.218750 0.980545 0.220703 0.982490 0.220703 0.984436 0.222656 0.986381 0.222656 0.988327 0.224609 0.992218 0.224609 0.996109 0.220703 0.996109 0.214844 0.992218 0.210938
0 0.966926 0.271484 0.964981 0.273438 0.963035 0.273438 0.963035 0.279297 0.964981 0.281250 0.964981 0.283203 0.966926 0.283203 0.968872 0.285156 0.968872 0.287109 0.974708 0.287109 0.976654 0.285156 0.978599 0.285156 0.980545 0.283203 0.980545 0.273438 0.976654 0.273438 0.974708 0.271484
0 0.877432 0.298828 0.875486 0.300781 0.873541 0.300781 0.873541 0.302734 0.871595 0.304688 0.871595 0.308594 0.873541 0.310547 0.873541 0.314453 0.879377 0.314453 0.883268 0.310547 0.883268 0.302734 0.881323 0.300781 0.879377 0.300781
0 0.953307 0.328125 0.951362 0.330078 0.951362 0.341797 0.959144 0.341797 0.961089 0.339844 0.961089 0.330078 0.959144 0.328125
0 0.980545 0.332031 0.978599 0.333984 0.978599 0.337891 0.980545 0.339844 0.980545 0.343750 0.984436 0.343750 0.988327 0.339844 0.988327 0.335938 0.986381 0.333984 0.986381 0.332031
0 0.838521 0.306641 0.834630 0.310547 0.834630 0.312500 0.830739 0.316406 0.830739 0.318359 0.832685 0.320312 0.834630 0.320312 0.836576 0.322266 0.848249 0.322266 0.850195 0.320312 0.850195 0.314453 0.848249 0.312500 0.848249 0.310547 0.846304 0.308594 0.844358 0.308594 0.842412 0.306641
0 0.859922 0.341797 0.859922 0.343750 0.857977 0.345703 0.857977 0.351562 0.859922 0.353516 0.867704 0.353516 0.871595 0.349609 0.871595 0.343750 0.869650 0.341797
0 0.935798 0.394531 0.931907 0.398438 0.931907 0.404297 0.935798 0.408203 0.941634 0.408203 0.943580 0.406250 0.949416 0.406250 0.951362 0.404297 0.951362 0.402344 0.949416 0.400391 0.949416 0.398438 0.945525 0.394531
0 0.953307 0.453125 0.949416 0.457031 0.949416 0.462891 0.953307 0.466797 0.961089 0.466797 0.963035 0.464844 0.963035 0.462891 0.964981 0.460938 0.964981 0.457031 0.963035 0.455078 0.961089 0.455078 0.959144 0.453125
0 0.859922 0.408203 0.857977 0.410156 0.856031 0.410156 0.854086 0.412109 0.854086 0.416016 0.856031 0.417969 0.856031 0.419922 0.857977 0.421875 0.857977 0.423828 0.859922 0.423828 0.861868 0.425781 0.863813 0.425781 0.865759 0.423828 0.865759 0.421875 0.867704 0.419922 0.867704 0.414062 0.865759 0.412109 0.865759 0.410156 0.863813 0.410156 0.861868 0.408203
0 0.881323 0.431641 0.879377 0.433594 0.877432 0.433594 0.877432 0.439453 0.879377 0.439453 0.881323 0.441406 0.889105 0.441406 0.889105 0.433594 0.887160 0.433594 0.885214 0.431641
0 0.885214 0.484375 0.881323 0.488281 0.881323 0.498047 0.883268 0.498047 0.887160 0.501953 0.892996 0.501953 0.898833 0.496094 0.898833 0.492188 0.896887 0.490234 0.896887 0.488281 0.892996 0.484375
0 0.817121 0.466797 0.817121 0.468750 0.815175 0.470703 0.815175 0.476562 0.822957 0.476562 0.822957 0.474609 0.824903 0.472656 0.824903 0.470703 0.821012 0.466797
0 0.809339 0.347656 0.809339 0.349609 0.807393 0.351562 0.807393 0.359375 0.809339 0.359375 0.811284 0.361328 0.817121 0.361328 0.819066 0.359375 0.821012 0.359375 0.821012 0.353516 0.815175 0.347656
0 0.776265 0.355469 0.774319 0.357422 0.774319 0.363281 0.776265 0.363281
0 0.785992 0.398438 0.784047 0.400391 0.782101 0.400391 0.780156 0.402344 0.780156 0.406250 0.784047 0.410156 0.785992 0.410156 0.787938 0.412109 0.789883 0.412109 0.791829 0.410156 0.791829 0.404297 0.789883 0.402344 0.789883 0.400391 0.787938 0.400391
0 0.749027 0.396484 0.745136 0.400391 0.745136 0.408203 0.747082 0.408203 0.749027 0.410156 0.756809 0.410156 0.760700 0.406250 0.760700 0.404297 0.762646 0.402344 0.760700 0.400391 0.760700 0.398438 0.758755 0.396484
0 0.780156 0.472656 0.778210 0.474609 0.776265 0.474609 0.772374 0.478516 0.772374 0.486328 0.782101 0.486328 0.784047 0.484375 0.785992 0.484375 0.785992 0.478516 0.784047 0.476562 0.784047 0.474609 0.782101 0.472656
0 0.747082 0.494141 0.747082 0.496094 0.745136 0.498047 0.745136 0.505859 0.747082 0.507812 0.756809 0.507812 0.758755 0.505859 0.758755 0.498047 0.754864 0.494141
0 0.690661 0.429688 0.690661 0.431641 0.688716 0.433594 0.688716 0.441406 0.690661 0.441406 0.692607 0.443359 0.698444 0.443359 0.700389 0.441406 0.700389 0.439453 0.702335 0.437500 0.702335 0.433594 0.700389 0.431641 0.700389 0.429688
0 0.686770 0.376953 0.684825 0.378906 0.684825 0.380859 0.682879 0.382812 0.682879 0.384766 0.686770 0.388672 0.690661 0.388672 0.692607 0.386719 0.694553 0.386719 0.696498 0.384766 0.696498 0.380859 0.692607 0.376953
0 0.700389 0.343750 0.696498 0.347656 0.696498 0.351562 0.698444 0.353516 0.702335 0.353516 0.704280 0.355469 0.706226 0.355469 0.706226 0.349609 0.704280 0.347656 0.704280 0.345703 0.702335 0.345703
0 0.661479 0.345703 0.659533 0.347656 0.659533 0.351562 0.665370 0.357422 0.675097 0.357422 0.675097 0.351562 0.671206 0.347656 0.669261 0.347656 0.667315 0.345703
0 0.624514 0.386719 0.622568 0.388672 0.622568 0.394531 0.624514 0.394531 0.626459 0.396484 0.632296 0.396484 0.634241 0.394531 0.636187 0.394531 0.636187 0.388672 0.634241 0.388672 0.632296 0.386719
0 0.583658 0.355469 0.581712 0.357422 0.581712 0.363281 0.583658 0.365234 0.585603 0.365234 0.587549 0.367188 0.593385 0.367188 0.593385 0.365234 0.595331 0.363281 0.595331 0.359375 0.593385 0.357422 0.593385 0.355469
0 0.589494 0.392578 0.587549 0.394531 0.587549 0.396484 0.585603 0.398438 0.585603 0.404297 0.587549 0.406250 0.587549 0.408203 0.591440 0.408203 0.597276 0.402344 0.597276 0.396484 0.595331 0.394531 0.595331 0.392578
0 0.632296 0.501953 0.630350 0.503906 0.630350 0.505859 0.628405 0.507812 0.628405 0.513672 0.632296 0.517578 0.634241 0.517578 0.636187 0.515625 0.638132 0.515625 0.642023 0.511719 0.642023 0.507812 0.640078 0.505859 0.638132 0.505859 0.636187 0.503906 0.634241 0.503906
0 0.521401 0.355469 0.517510 0.359375 0.517510 0.375000 0.519455 0.376953 0.523346 0.376953 0.525292 0.375000 0.525292 0.373047 0.527237 0.371094 0.527237 0.369141 0.529183 0.367188 0.529183 0.361328 0.525292 0.357422 0.523346 0.357422
0 0.540856 0.406250 0.540856 0.412109 0.542802 0.414062 0.542802 0.419922 0.546693 0.416016 0.544747 0.414062 0.544747 0.410156 0.542802 0.408203 0.542802 0.406250
0 0.570039 0.453125 0.566148 0.457031 0.566148 0.458984 0.564202 0.460938 0.564202 0.464844 0.568093 0.468750 0.570039 0.468750 0.571984 0.470703 0.575875 0.470703 0.575875 0.468750 0.577821 0.466797 0.577821 0.455078 0.575875 0.453125
0 0.542802 0.484375 0.540856 0.486328 0.540856 0.488281 0.538911 0.490234 0.542802 0.490234 0.544747 0.488281 0.548638 0.488281 0.548638 0.486328 0.546693 0.486328 0.544747 0.484375
0 0.521401 0.500000 0.519455 0.501953 0.519455 0.509766 0.521401 0.509766 0.523346 0.511719 0.525292 0.511719 0.529183 0.507812 0.529183 0.501953 0.527237 0.500000
0 0.544747 0.531250 0.544747 0.533203 0.542802 0.535156 0.542802 0.541016 0.544747 0.542969 0.548638 0.542969 0.548638 0.533203 0.546693 0.533203
0 0.669261 0.515625 0.663424 0.521484 0.663424 0.523438 0.661479 0.525391 0.663424 0.527344 0.663424 0.529297 0.665370 0.531250 0.665370 0.533203 0.673152 0.533203 0.673152 0.531250 0.675097 0.529297 0.675097 0.527344 0.677043 0.525391 0.677043 0.521484 0.675097 0.519531 0.675097 0.517578 0.673152 0.515625
0 0.698444 0.517578 0.696498 0.519531 0.694553 0.519531 0.694553 0.525391 0.696498 0.527344 0.696498 0.529297 0.698444 0.531250 0.698444 0.533203 0.704280 0.533203 0.708171 0.529297 0.708171 0.523438 0.702335 0.517578
0 0.503891 0.433594 0.501946 0.435547 0.501946 0.443359 0.503891 0.445312 0.505837 0.445312 0.507782 0.443359 0.507782 0.435547 0.505837 0.433594
0 0.494163 0.388672 0.492218 0.390625 0.492218 0.392578 0.490272 0.394531 0.490272 0.398438 0.494163 0.402344 0.496109 0.402344 0.498054 0.404297 0.501946 0.404297 0.503891 0.402344 0.505837 0.402344 0.505837 0.400391 0.507782 0.398438 0.507782 0.394531 0.503891 0.390625 0.501946 0.390625 0.500000 0.388672
0 0.474708 0.365234 0.472763 0.367188 0.470817 0.367188 0.470817 0.369141 0.474708 0.373047 0.478599 0.373047 0.480545 0.371094 0.480545 0.367188 0.478599 0.365234
0 0.453307 0.427734 0.451362 0.429688 0.449416 0.429688 0.449416 0.433594 0.451362 0.435547 0.451362 0.437500 0.453307 0.439453 0.455253 0.439453 0.459144 0.443359 0.461089 0.441406 0.461089 0.433594 0.459144 0.431641 0.459144 0.429688 0.455253 0.429688
0 0.435798 0.513672 0.433852 0.515625 0.431907 0.515625 0.431907 0.525391 0.433852 0.525391 0.435798 0.527344 0.445525 0.527344 0.447471 0.525391 0.447471 0.515625 0.445525 0.513672
0 0.426070 0.464844 0.418288 0.472656 0.418288 0.476562 0.422179 0.480469 0.424125 0.478516 0.426070 0.478516 0.428016 0.476562 0.429961 0.476562 0.429961 0.474609 0.431907 0.472656 0.431907 0.468750 0.428016 0.464844
0 0.396887 0.386719 0.394942 0.388672 0.392996 0.388672 0.392996 0.398438 0.394942 0.400391 0.396887 0.400391 0.398833 0.402344 0.402724 0.402344 0.404669 0.400391 0.406615 0.400391 0.406615 0.388672 0.404669 0.388672 0.402724 0.386719
0 0.367704 0.451172 0.365759 0.453125 0.363813 0.453125 0.363813 0.455078 0.367704 0.455078 0.369650 0.457031 0.371595 0.457031 0.373541 0.455078 0.369650 0.451172
0 0.344358 0.457031 0.342412 0.458984 0.344358 0.460938 0.344358 0.464844 0.348249 0.468750 0.350195 0.468750 0.354086 0.464844 0.354086 0.457031
0 0.287938 0.462891 0.284047 0.466797 0.284047 0.470703 0.287938 0.474609 0.297665 0.474609 0.297665 0.468750 0.295720 0.466797 0.295720 0.462891
0 0.260700 0.431641 0.258755 0.433594 0.258755 0.441406 0.262646 0.445312 0.268482 0.445312 0.272374 0.441406 0.272374 0.433594 0.270428 0.431641
0 0.285992 0.423828 0.282101 0.427734 0.282101 0.429688 0.284047 0.431641 0.284047 0.433594 0.285992 0.435547 0.289883 0.435547 0.293774 0.431641 0.293774 0.427734 0.289883 0.423828
0 0.309339 0.392578 0.307393 0.394531 0.305447 0.394531 0.303502 0.396484 0.303502 0.398438 0.301556 0.400391 0.301556 0.406250 0.307393 0.412109 0.309339 0.412109 0.311284 0.410156 0.313230 0.410156 0.313230 0.408203 0.315175 0.406250 0.315175 0.402344 0.317121 0.400391 0.315175 0.398438 0.315175 0.394531 0.313230 0.392578
0 0.280156 0.355469 0.278210 0.357422 0.276265 0.357422 0.274319 0.359375 0.274319 0.371094 0.278210 0.371094 0.280156 0.373047 0.284047 0.373047 0.285992 0.371094 0.287938 0.371094 0.287938 0.357422 0.285992 0.357422 0.284047 0.355469
0 0.233463 0.351562 0.233463 0.355469 0.231518 0.357422 0.235409 0.361328 0.235409 0.363281 0.237354 0.363281 0.239300 0.365234 0.241245 0.363281 0.241245 0.359375 0.239300 0.357422 0.239300 0.355469 0.235409 0.351562
0 0.194553 0.351562 0.192607 0.353516 0.192607 0.361328 0.196498 0.365234 0.196498 0.367188 0.202335 0.367188 0.206226 0.363281 0.206226 0.357422 0.204280 0.355469 0.204280 0.353516 0.202335 0.351562
0 0.142023 0.373047 0.138132 0.376953 0.138132 0.384766 0.140078 0.386719 0.142023 0.386719 0.143969 0.388672 0.145914 0.388672 0.147860 0.386719 0.149805 0.386719 0.151751 0.384766 0.151751 0.378906 0.145914 0.373047
0 0.103113 0.439453 0.103113 0.447266 0.105058 0.449219 0.105058 0.453125 0.108949 0.457031 0.110895 0.455078 0.112840 0.455078 0.114786 0.453125 0.116732 0.453125 0.116732 0.451172 0.118677 0.449219 0.118677 0.445312 0.116732 0.443359 0.116732 0.441406 0.114786 0.441406 0.112840 0.439453
0 0.042802 0.478516 0.040856 0.480469 0.040856 0.486328 0.044747 0.486328 0.046693 0.484375 0.046693 0.480469 0.044747 0.478516
0 0.075875 0.472656 0.071984 0.476562 0.071984 0.480469 0.073930 0.482422 0.079767 0.482422 0.083658 0.478516 0.083658 0.476562 0.081712 0.474609 0.081712 0.472656
0 0.184825 0.474609 0.182879 0.476562 0.182879 0.478516 0.180934 0.480469 0.180934 0.484375 0.186770 0.490234 0.194553 0.490234 0.194553 0.488281 0.196498 0.486328 0.196498 0.480469 0.194553 0.478516 0.194553 0.476562 0.192607 0.474609
0 0.001946 0.330078 0.000000 0.332031 0.000000 0.355469 0.001946 0.355469 0.003891 0.357422 0.009728 0.357422 0.013619 0.353516 0.015564 0.353516 0.015564 0.351562 0.017510 0.349609 0.017510 0.347656 0.019455 0.345703 0.017510 0.343750 0.017510 0.339844 0.015564 0.337891 0.015564 0.335938 0.011673 0.332031 0.009728 0.332031 0.007782 0.330078
0 0.120623 0.537109 0.120623 0.544922 0.122568 0.546875 0.122568 0.548828 0.124514 0.548828 0.126459 0.550781 0.128405 0.548828 0.130350 0.548828 0.130350 0.542969 0.128405 0.541016 0.128405 0.539062 0.126459 0.537109
0 0.204280 0.546875 0.200389 0.550781 0.200389 0.552734 0.198444 0.554688 0.198444 0.562500 0.206226 0.570312 0.208171 0.570312 0.210117 0.572266 0.212062 0.570312 0.214008 0.570312 0.219844 0.564453 0.219844 0.550781 0.217899 0.548828 0.212062 0.548828 0.210117 0.546875
0 0.153696 0.570312 0.153696 0.572266 0.157588 0.576172 0.161479 0.576172 0.161479 0.570312
0 0.071984 0.562500 0.070039 0.564453 0.068093 0.564453 0.068093 0.566406 0.066148 0.568359 0.066148 0.572266 0.070039 0.576172 0.075875 0.576172 0.077821 0.574219 0.079767 0.574219 0.079767 0.566406 0.075875 0.562500
0 0.184825 0.599609 0.180934 0.603516 0.180934 0.605469 0.177043 0.609375 0.177043 0.613281 0.178988 0.615234 0.178988 0.621094 0.180934 0.623047 0.180934 0.625000 0.182879 0.626953 0.188716 0.626953 0.194553 0.621094 0.194553 0.619141 0.196498 0.617188 0.196498 0.603516 0.192607 0.599609
0 0.066148 0.611328 0.064202 0.613281 0.062257 0.613281 0.060311 0.615234 0.060311 0.617188 0.062257 0.619141 0.062257 0.623047 0.064202 0.625000 0.068093 0.625000 0.070039 0.623047 0.070039 0.621094 0.071984 0.619141 0.071984 0.613281 0.070039 0.611328
0 0.000000 0.601562 0.000000 0.630859 0.001946 0.628906 0.003891 0.628906 0.003891 0.626953 0.005837 0.625000 0.007782 0.625000 0.007782 0.615234 0.009728 0.613281 0.009728 0.607422 0.007782 0.605469 0.007782 0.601562
0 0.250973 0.695312 0.249027 0.697266 0.245136 0.697266 0.245136 0.699219 0.241245 0.703125 0.241245 0.708984 0.243191 0.710938 0.243191 0.712891 0.245136 0.714844 0.249027 0.714844 0.250973 0.716797 0.256809 0.716797 0.258755 0.714844 0.262646 0.714844 0.262646 0.712891 0.264591 0.710938 0.264591 0.707031 0.266537 0.705078 0.264591 0.703125 0.264591 0.701172 0.262646 0.699219 0.262646 0.697266 0.260700 0.697266 0.258755 0.695312
0 0.321012 0.630859 0.319066 0.632812 0.319066 0.640625 0.321012 0.642578 0.322957 0.642578 0.326848 0.646484 0.330739 0.646484 0.332685 0.644531 0.332685 0.642578 0.334630 0.640625 0.334630 0.638672 0.332685 0.636719 0.332685 0.632812 0.330739 0.630859
0 0.324903 0.542969 0.321012 0.546875 0.319066 0.546875 0.319066 0.548828 0.317121 0.550781 0.317121 0.556641 0.319066 0.558594 0.321012 0.558594 0.322957 0.560547 0.326848 0.560547 0.328794 0.558594 0.330739 0.558594 0.330739 0.546875 0.328794 0.546875
0 0.346304 0.576172 0.346304 0.582031 0.350195 0.585938 0.352140 0.585938 0.354086 0.583984 0.356031 0.583984 0.357977 0.582031 0.357977 0.578125 0.356031 0.576172
0 0.383268 0.550781 0.381323 0.552734 0.381323 0.554688 0.379377 0.556641 0.381323 0.558594 0.381323 0.560547 0.383268 0.562500 0.387160 0.562500 0.389105 0.560547 0.389105 0.550781
0 0.315175 0.712891 0.311284 0.716797 0.311284 0.720703 0.313230 0.720703 0.315175 0.722656 0.317121 0.722656 0.319066 0.720703 0.321012 0.720703 0.321012 0.716797 0.317121 0.712891
0 0.369650 0.710938 0.367704 0.712891 0.365759 0.712891 0.363813 0.714844 0.363813 0.722656 0.365759 0.724609 0.367704 0.724609 0.369650 0.726562 0.373541 0.726562 0.375486 0.724609 0.375486 0.722656 0.377432 0.720703 0.377432 0.714844 0.373541 0.710938
0 0.428016 0.693359 0.426070 0.695312 0.424125 0.695312 0.422179 0.697266 0.422179 0.699219 0.424125 0.701172 0.424125 0.703125 0.428016 0.707031 0.431907 0.707031 0.437743 0.701172 0.437743 0.699219 0.435798 0.697266 0.435798 0.695312 0.433852 0.693359
0 0.431907 0.587891 0.428016 0.591797 0.428016 0.601562 0.429961 0.603516 0.431907 0.603516 0.433852 0.605469 0.435798 0.605469 0.437743 0.603516 0.441634 0.603516 0.441634 0.601562 0.443580 0.599609 0.443580 0.593750 0.441634 0.591797 0.441634 0.589844 0.439689 0.589844 0.437743 0.587891
0 0.470817 0.734375 0.470817 0.736328 0.468872 0.738281 0.470817 0.740234 0.470817 0.744141 0.474708 0.748047 0.480545 0.748047 0.484436 0.744141 0.484436 0.742188 0.482490 0.740234 0.482490 0.738281 0.480545 0.736328 0.480545 0.734375
0 0.464981 0.699219 0.463035 0.701172 0.463035 0.708984 0.464981 0.708984 0.466926 0.710938 0.470817 0.710938 0.474708 0.707031 0.474708 0.701172 0.472763 0.699219
0 0.500000 0.666016 0.498054 0.667969 0.494163 0.667969 0.492218 0.669922 0.492218 0.675781 0.494163 0.677734 0.494163 0.679688 0.496109 0.681641 0.500000 0.681641 0.501946 0.679688 0.503891 0.679688 0.507782 0.675781 0.507782 0.671875 0.501946 0.666016
0 0.494163 0.564453 0.490272 0.568359 0.490272 0.576172 0.492218 0.578125 0.500000 0.578125 0.503891 0.574219 0.503891 0.570312 0.500000 0.566406 0.500000 0.564453
0 0.523346 0.544922 0.515564 0.552734 0.513619 0.552734 0.513619 0.554688 0.517510 0.558594 0.519455 0.558594 0.523346 0.562500 0.525292 0.562500 0.527237 0.560547 0.529183 0.560547 0.531128 0.558594 0.531128 0.554688 0.533074 0.552734 0.529183 0.548828 0.529183 0.546875 0.527237 0.546875 0.525292 0.544922
0 0.536965 0.732422 0.535019 0.734375 0.535019 0.736328 0.533074 0.738281 0.533074 0.742188 0.540856 0.750000 0.544747 0.750000 0.548638 0.746094 0.548638 0.736328 0.546693 0.734375 0.546693 0.732422
0 0.562257 0.701172 0.558366 0.705078 0.558366 0.707031 0.560311 0.708984 0.560311 0.712891 0.562257 0.714844 0.568093 0.714844 0.571984 0.710938 0.571984 0.705078 0.570039 0.703125 0.568093 0.703125 0.566148 0.701172
0 0.575875 0.681641 0.575875 0.687500 0.581712 0.687500 0.585603 0.683594 0.583658 0.681641
0 0.556420 0.601562 0.554475 0.603516 0.552529 0.603516 0.552529 0.605469 0.550584 0.607422 0.550584 0.611328 0.554475 0.615234 0.556420 0.615234 0.560311 0.619141 0.566148 0.613281 0.566148 0.607422 0.560311 0.601562
0 0.661479 0.736328 0.659533 0.738281 0.657588 0.738281 0.655642 0.740234 0.655642 0.742188 0.653696 0.744141 0.653696 0.746094 0.655642 0.748047 0.655642 0.750000 0.661479 0.755859 0.661479 0.753906 0.667315 0.748047 0.667315 0.740234 0.663424 0.736328
0 0.632296 0.673828 0.630350 0.675781 0.628405 0.675781 0.626459 0.677734 0.626459 0.687500 0.630350 0.691406 0.638132 0.691406 0.638132 0.687500 0.640078 0.685547 0.640078 0.683594 0.638132 0.681641 0.638132 0.677734 0.636187 0.675781 0.636187 0.673828 0.634241 0.675781
0 0.640078 0.626953 0.638132 0.628906 0.636187 0.628906 0.630350 0.634766 0.630350 0.642578 0.632296 0.644531 0.634241 0.644531 0.636187 0.646484 0.640078 0.646484 0.640078 0.644531 0.642023 0.642578 0.642023 0.638672 0.643969 0.636719 0.643969 0.630859
0 0.608949 0.560547 0.605058 0.564453 0.607004 0.566406 0.607004 0.570312 0.608949 0.570312 0.612840 0.574219 0.616732 0.574219 0.620623 0.570312 0.620623 0.568359 0.618677 0.566406 0.618677 0.560547
0 0.696498 0.576172 0.696498 0.578125 0.694553 0.580078 0.694553 0.582031 0.698444 0.585938 0.700389 0.585938 0.702335 0.583984 0.702335 0.576172
0 0.704280 0.613281 0.704280 0.615234 0.702335 0.617188 0.702335 0.621094 0.706226 0.625000 0.710117 0.625000 0.714008 0.621094 0.715953 0.621094 0.715953 0.619141 0.717899 0.617188 0.717899 0.615234 0.715953 0.615234 0.714008 0.613281
0 0.696498 0.667969 0.694553 0.669922 0.694553 0.671875 0.696498 0.673828 0.696498 0.675781 0.698444 0.677734 0.698444 0.679688 0.700389 0.681641 0.704280 0.681641 0.704280 0.679688 0.708171 0.675781 0.708171 0.671875 0.704280 0.667969
0 0.745136 0.699219 0.741245 0.703125 0.741245 0.714844 0.743191 0.714844 0.745136 0.716797 0.749027 0.716797 0.750973 0.714844 0.752918 0.714844 0.754864 0.712891 0.754864 0.710938 0.756809 0.708984 0.756809 0.705078 0.752918 0.701172 0.749027 0.701172 0.747082 0.699219
0 0.747082 0.642578 0.743191 0.646484 0.743191 0.654297 0.745136 0.654297 0.747082 0.656250 0.752918 0.656250 0.752918 0.654297 0.756809 0.650391 0.756809 0.644531 0.754864 0.642578
0 0.774319 0.720703 0.774319 0.730469 0.776265 0.730469 0.778210 0.732422 0.784047 0.732422 0.785992 0.730469 0.785992 0.722656 0.784047 0.720703
0 0.805447 0.697266 0.803502 0.699219 0.799611 0.699219 0.797665 0.701172 0.797665 0.703125 0.795720 0.705078 0.795720 0.707031 0.797665 0.708984 0.797665 0.710938 0.799611 0.712891 0.801556 0.712891 0.803502 0.710938 0.805447 0.710938 0.807393 0.708984 0.807393 0.699219
0 0.735409 0.574219 0.735409 0.576172 0.733463 0.578125 0.733463 0.583984 0.735409 0.585938 0.741245 0.585938 0.743191 0.583984 0.743191 0.578125 0.739300 0.574219
0 0.758755 0.580078 0.758755 0.587891 0.760700 0.589844 0.762646 0.587891 0.764591 0.587891 0.764591 0.585938 0.766537 0.583984 0.766537 0.582031 0.764591 0.580078
0 0.789883 0.552734 0.787938 0.554688 0.787938 0.564453 0.789883 0.566406 0.789883 0.568359 0.791829 0.570312 0.799611 0.570312 0.803502 0.566406 0.803502 0.556641 0.799611 0.552734
0 0.826848 0.523438 0.821012 0.529297 0.822957 0.531250 0.826848 0.531250 0.828794 0.533203 0.832685 0.533203 0.834630 0.531250 0.836576 0.531250 0.836576 0.525391 0.834630 0.523438
0 0.998054 0.478516 0.990272 0.486328 0.992218 0.488281 0.992218 0.492188 0.996109 0.496094 0.998054 0.496094
0 0.955253 0.511719 0.953307 0.513672 0.951362 0.513672 0.951362 0.515625 0.949416 0.517578 0.949416 0.521484 0.955253 0.527344 0.959144 0.527344 0.963035 0.523438 0.963035 0.515625 0.961089 0.513672 0.959144 0.513672 0.957198 0.511719
0 0.873541 0.531250 0.869650 0.535156 0.869650 0.541016 0.873541 0.544922 0.877432 0.544922 0.881323 0.541016 0.881323 0.535156 0.879377 0.533203 0.877432 0.533203 0.875486 0.531250
0 0.867704 0.576172 0.865759 0.578125 0.863813 0.578125 0.861868 0.580078 0.861868 0.585938 0.863813 0.585938 0.867704 0.589844 0.871595 0.589844 0.877432 0.583984 0.873541 0.580078 0.873541 0.578125 0.871595 0.576172
0 0.910506 0.625000 0.908560 0.626953 0.906615 0.626953 0.904669 0.628906 0.902724 0.628906 0.902724 0.640625 0.916342 0.640625 0.918288 0.638672 0.918288 0.628906 0.914397 0.625000
0 0.961089 0.630859 0.959144 0.632812 0.957198 0.632812 0.955253 0.634766 0.955253 0.636719 0.953307 0.638672 0.957198 0.642578 0.957198 0.644531 0.961089 0.648438 0.966926 0.648438 0.966926 0.646484 0.970817 0.642578 0.970817 0.640625 0.972763 0.638672 0.970817 0.636719 0.970817 0.634766 0.968872 0.632812 0.966926 0.632812 0.964981 0.630859
0 0.844358 0.650391 0.842412 0.652344 0.838521 0.652344 0.834630 0.656250 0.834630 0.662109 0.836576 0.664062 0.836576 0.666016 0.840467 0.669922 0.846304 0.669922 0.848249 0.667969 0.850195 0.667969 0.850195 0.662109 0.852140 0.660156 0.852140 0.656250 0.850195 0.654297 0.850195 0.652344 0.848249 0.650391
0 0.941634 0.707031 0.939689 0.708984 0.939689 0.710938 0.937743 0.712891 0.937743 0.726562 0.939689 0.726562 0.943580 0.730469 0.949416 0.730469 0.953307 0.726562 0.955253 0.726562 0.955253 0.724609 0.957198 0.722656 0.957198 0.716797 0.955253 0.714844 0.955253 0.712891 0.949416 0.707031
0 0.889105 0.710938 0.889105 0.712891 0.885214 0.716797 0.885214 0.718750 0.889105 0.722656 0.889105 0.724609 0.891051 0.726562 0.894942 0.726562 0.900778 0.720703 0.900778 0.714844 0.896887 0.710938
0 0.832685 0.730469 0.832685 0.746094 0.836576 0.750000 0.838521 0.750000 0.840467 0.751953 0.844358 0.751953 0.850195 0.746094 0.850195 0.744141 0.852140 0.742188 0.852140 0.740234 0.850195 0.738281 0.850195 0.736328 0.844358 0.730469
0 0.750973 0.765625 0.747082 0.769531 0.747082 0.777344 0.749027 0.779297 0.750973 0.779297 0.754864 0.783203 0.758755 0.783203 0.760700 0.781250 0.760700 0.779297 0.762646 0.777344 0.762646 0.769531 0.760700 0.767578 0.758755 0.767578 0.756809 0.765625
0 0.877432 0.775391 0.875486 0.777344 0.873541 0.777344 0.871595 0.779297 0.871595 0.781250 0.869650 0.783203 0.869650 0.791016 0.871595 0.792969 0.873541 0.792969 0.875486 0.794922 0.883268 0.794922 0.887160 0.791016 0.887160 0.789062 0.889105 0.787109 0.889105 0.779297 0.887160 0.777344 0.885214 0.777344 0.883268 0.775391
0 0.914397 0.800781 0.912451 0.802734 0.910506 0.802734 0.908560 0.804688 0.908560 0.812500 0.912451 0.816406 0.914397 0.816406 0.916342 0.818359 0.920233 0.818359 0.922179 0.816406 0.922179 0.814453 0.924125 0.812500 0.924125 0.810547 0.926070 0.808594 0.926070 0.806641 0.922179 0.802734 0.920233 0.802734 0.918288 0.800781
0 0.964981 0.816406 0.963035 0.818359 0.961089 0.818359 0.961089 0.822266 0.959144 0.824219 0.959144 0.830078 0.961089 0.832031 0.963035 0.832031 0.964981 0.833984 0.966926 0.833984 0.966926 0.832031 0.968872 0.830078 0.968872 0.820312 0.966926 0.818359 0.966926 0.816406
0 0.931907 0.861328 0.931907 0.865234 0.933852 0.867188 0.933852 0.869141 0.935798 0.871094 0.935798 0.875000 0.937743 0.875000 0.939689 0.873047 0.939689 0.871094 0.941634 0.869141 0.941634 0.863281 0.939689 0.861328
0 0.966926 0.941406 0.964981 0.943359 0.964981 0.945312 0.963035 0.947266 0.963035 0.953125 0.964981 0.955078 0.964981 0.957031 0.966926 0.958984 0.974708 0.958984 0.974708 0.957031 0.976654 0.955078 0.976654 0.951172 0.978599 0.949219 0.978599 0.947266 0.972763 0.941406
0 0.992218 0.976562 0.992218 0.978516 0.990272 0.980469 0.990272 0.996094 0.998054 0.996094 0.998054 0.976562
0 0.918288 0.943359 0.916342 0.945312 0.914397 0.945312 0.912451 0.947266 0.912451 0.955078 0.914397 0.955078 0.918288 0.958984 0.922179 0.958984 0.926070 0.955078 0.926070 0.953125 0.920233 0.947266 0.920233 0.945312
0 0.819066 0.867188 0.817121 0.869141 0.815175 0.869141 0.811284 0.873047 0.811284 0.884766 0.813230 0.886719 0.815175 0.886719 0.817121 0.888672 0.824903 0.888672 0.830739 0.882812 0.830739 0.873047 0.826848 0.869141 0.824903 0.869141 0.822957 0.867188
0 0.846304 0.927734 0.842412 0.931641 0.842412 0.933594 0.848249 0.939453 0.856031 0.939453 0.856031 0.929688 0.854086 0.929688 0.852140 0.927734
0 0.797665 0.953125 0.795720 0.955078 0.795720 0.958984 0.799611 0.962891 0.803502 0.962891 0.805447 0.960938 0.805447 0.955078 0.803502 0.953125
0 0.754864 0.933594 0.752918 0.935547 0.749027 0.935547 0.747082 0.937500 0.747082 0.939453 0.745136 0.941406 0.745136 0.945312 0.747082 0.947266 0.747082 0.949219 0.749027 0.949219 0.750973 0.951172 0.752918 0.951172 0.754864 0.953125 0.756809 0.953125 0.762646 0.947266 0.762646 0.943359 0.764591 0.941406 0.760700 0.937500 0.758755 0.937500 0.756809 0.935547 0.756809 0.933594
0 0.745136 0.826172 0.743191 0.828125 0.743191 0.835938 0.745136 0.837891 0.745136 0.839844 0.750973 0.839844 0.756809 0.833984 0.756809 0.832031 0.754864 0.830078 0.754864 0.828125 0.752918 0.828125 0.750973 0.826172
0 0.690661 0.822266 0.690661 0.828125 0.692607 0.830078 0.694553 0.830078 0.696498 0.832031 0.698444 0.830078 0.698444 0.824219 0.696498 0.822266
0 0.649805 0.810547 0.647860 0.812500 0.645914 0.812500 0.643969 0.814453 0.643969 0.824219 0.647860 0.828125 0.653696 0.828125 0.657588 0.824219 0.657588 0.810547
0 0.696498 0.886719 0.696498 0.888672 0.694553 0.890625 0.690661 0.890625 0.688716 0.892578 0.688716 0.894531 0.692607 0.894531 0.694553 0.896484 0.690661 0.900391 0.700389 0.900391 0.702335 0.898438 0.702335 0.896484 0.704280 0.894531 0.704280 0.888672 0.702335 0.886719
0 0.587549 0.769531 0.581712 0.775391 0.579767 0.775391 0.577821 0.777344 0.575875 0.777344 0.575875 0.785156 0.581712 0.791016 0.583658 0.791016 0.585603 0.789062 0.587549 0.789062 0.589494 0.787109 0.591440 0.787109 0.591440 0.769531
0 0.669261 0.931641 0.667315 0.933594 0.667315 0.937500 0.673152 0.937500 0.675097 0.935547 0.677043 0.935547 0.678988 0.933594 0.677043 0.931641
0 0.682879 0.982422 0.682879 0.984375 0.680934 0.986328 0.680934 0.988281 0.682879 0.990234 0.682879 0.992188 0.684825 0.992188 0.686770 0.994141 0.690661 0.990234 0.692607 0.990234 0.692607 0.986328 0.688716 0.982422
0 0.628405 0.986328 0.626459 0.988281 0.624514 0.988281 0.622568 0.990234 0.622568 0.992188 0.620623 0.994141 0.620623 0.998047 0.634241 0.998047 0.634241 0.992188 0.630350 0.988281 0.630350 0.986328
0 0.593385 0.916016 0.593385 0.917969 0.591440 0.919922 0.591440 0.927734 0.593385 0.929688 0.603113 0.929688 0.603113 0.927734 0.605058 0.925781 0.605058 0.919922 0.601167 0.916016
0 0.494163 0.976562 0.492218 0.978516 0.488327 0.978516 0.486381 0.980469 0.486381 0.988281 0.490272 0.992188 0.492218 0.992188 0.494163 0.994141 0.496109 0.994141 0.498054 0.992188 0.500000 0.992188 0.501946 0.990234 0.503891 0.990234 0.503891 0.984375 0.501946 0.982422 0.501946 0.980469 0.500000 0.978516 0.496109 0.978516
0 0.546693 0.908203 0.542802 0.912109 0.542802 0.919922 0.544747 0.921875 0.544747 0.923828 0.546693 0.925781 0.554475 0.925781 0.554475 0.921875 0.556420 0.919922 0.556420 0.914062 0.554475 0.912109 0.554475 0.910156 0.552529 0.908203
0 0.573930 0.875000 0.571984 0.876953 0.571984 0.880859 0.570039 0.882812 0.568093 0.882812 0.568093 0.886719 0.570039 0.888672 0.570039 0.890625 0.571984 0.892578 0.573930 0.892578 0.575875 0.894531 0.579767 0.894531 0.581712 0.892578 0.583658 0.892578 0.585603 0.890625 0.585603 0.888672 0.587549 0.886719 0.587549 0.880859 0.585603 0.878906 0.585603 0.876953 0.583658 0.876953 0.581712 0.875000
0 0.466926 0.822266 0.464981 0.824219 0.463035 0.824219 0.463035 0.828125 0.461089 0.830078 0.463035 0.832031 0.463035 0.833984 0.468872 0.839844 0.478599 0.839844 0.482490 0.835938 0.482490 0.826172 0.480545 0.826172 0.476654 0.822266
0 0.513619 0.806641 0.511673 0.808594 0.509728 0.808594 0.507782 0.810547 0.507782 0.818359 0.521401 0.818359 0.519455 0.816406 0.519455 0.810547 0.515564 0.806641
0 0.533074 0.841797 0.531128 0.843750 0.529183 0.843750 0.527237 0.845703 0.529183 0.847656 0.529183 0.849609 0.531128 0.851562 0.535019 0.851562 0.535019 0.843750
0 0.464981 0.882812 0.464981 0.898438 0.472763 0.906250 0.474708 0.906250 0.478599 0.902344 0.480545 0.902344 0.480545 0.900391 0.482490 0.898438 0.482490 0.890625 0.478599 0.886719 0.478599 0.884766 0.474708 0.884766 0.472763 0.882812
0 0.435798 0.939453 0.433852 0.941406 0.433852 0.949219 0.437743 0.953125 0.441634 0.953125 0.445525 0.949219 0.445525 0.941406 0.443580 0.939453
0 0.418288 0.992188 0.418288 0.998047 0.431907 0.998047 0.431907 0.996094 0.429961 0.994141 0.429961 0.992188
0 0.326848 0.970703 0.324903 0.972656 0.321012 0.972656 0.317121 0.976562 0.319066 0.978516 0.319066 0.980469 0.321012 0.982422 0.330739 0.982422 0.332685 0.980469 0.332685 0.978516 0.330739 0.976562 0.330739 0.974609
0 0.371595 0.923828 0.371595 0.925781 0.369650 0.927734 0.371595 0.929688 0.371595 0.931641 0.377432 0.937500 0.379377 0.937500 0.381323 0.935547 0.383268 0.935547 0.383268 0.925781 0.381323 0.923828
0 0.250973 0.957031 0.249027 0.958984 0.247082 0.958984 0.247082 0.962891 0.249027 0.964844 0.254864 0.964844 0.254864 0.962891 0.256809 0.960938 0.252918 0.957031
0 0.250973 0.902344 0.249027 0.904297 0.249027 0.906250 0.247082 0.908203 0.247082 0.914062 0.249027 0.914062 0.250973 0.916016 0.254864 0.916016 0.256809 0.914062 0.258755 0.914062 0.258755 0.902344
0 0.338521 0.867188 0.336576 0.869141 0.336576 0.878906 0.338521 0.880859 0.342412 0.880859 0.344358 0.882812 0.346304 0.882812 0.348249 0.880859 0.352140 0.880859 0.352140 0.871094 0.350195 0.869141 0.348249 0.869141 0.346304 0.867188
0 0.385214 0.833984 0.381323 0.837891 0.381323 0.843750 0.383268 0.843750 0.385214 0.845703 0.392996 0.845703 0.392996 0.833984
0 0.315175 0.767578 0.313230 0.769531 0.313230 0.779297 0.315175 0.779297 0.319066 0.783203 0.326848 0.783203 0.326848 0.781250 0.328794 0.779297 0.328794 0.777344 0.326848 0.775391 0.326848 0.773438 0.321012 0.767578
0 0.276265 0.785156 0.274319 0.787109 0.272374 0.787109 0.270428 0.789062 0.270428 0.791016 0.268482 0.792969 0.268482 0.794922 0.270428 0.796875 0.270428 0.800781 0.272374 0.802734 0.272374 0.804688 0.285992 0.804688 0.285992 0.802734 0.287938 0.800781 0.287938 0.792969 0.285992 0.791016 0.285992 0.789062 0.284047 0.787109 0.282101 0.787109 0.280156 0.785156
0 0.231518 0.806641 0.229572 0.808594 0.227626 0.808594 0.223735 0.812500 0.223735 0.824219 0.225681 0.826172 0.225681 0.828125 0.237354 0.828125 0.239300 0.826172 0.241245 0.826172 0.241245 0.824219 0.243191 0.822266 0.243191 0.820312 0.245136 0.818359 0.243191 0.816406 0.243191 0.814453 0.241245 0.812500 0.241245 0.810547 0.239300 0.808594 0.235409 0.808594 0.233463 0.806641
0 0.000000 0.691406 0.000000 0.707031 0.005837 0.701172 0.005837 0.697266 0.003891 0.695312 0.003891 0.693359 0.001946 0.693359
0 0.110895 0.738281 0.108949 0.740234 0.108949 0.742188 0.107004 0.744141 0.107004 0.746094 0.108949 0.748047 0.108949 0.750000 0.114786 0.750000 0.118677 0.746094 0.120623 0.746094 0.120623 0.742188 0.116732 0.738281
0 0.052529 0.746094 0.052529 0.748047 0.050584 0.750000 0.050584 0.757812 0.052529 0.759766 0.058366 0.759766 0.060311 0.757812 0.062257 0.757812 0.062257 0.750000 0.058366 0.746094
0 0.066148 0.808594 0.064202 0.810547 0.062257 0.810547 0.062257 0.812500 0.060311 0.814453 0.060311 0.818359 0.066148 0.824219 0.070039 0.824219 0.071984 0.822266 0.071984 0.820312 0.073930 0.818359 0.073930 0.816406 0.071984 0.814453 0.071984 0.812500 0.068093 0.808594
0 0.155642 0.812500 0.153696 0.814453 0.151751 0.814453 0.147860 0.818359 0.147860 0.828125 0.149805 0.830078 0.149805 0.832031 0.151751 0.832031 0.153696 0.833984 0.161479 0.833984 0.165370 0.830078 0.165370 0.816406 0.163424 0.814453 0.161479 0.814453 0.159533 0.812500
0 0.000000 0.904297 0.000000 0.923828 0.005837 0.917969 0.005837 0.908203 0.001946 0.904297
0 0.068093 0.904297 0.066148 0.906250 0.060311 0.906250 0.060311 0.908203 0.058366 0.910156 0.058366 0.912109 0.062257 0.916016 0.070039 0.916016 0.070039 0.914062 0.071984 0.912109 0.071984 0.910156 0.070039 0.908203 0.070039 0.906250
0 0.140078 0.886719 0.138132 0.888672 0.132296 0.888672 0.128405 0.892578 0.128405 0.894531 0.126459 0.896484 0.126459 0.900391 0.149805 0.900391 0.149805 0.892578 0.147860 0.892578 0.145914 0.890625 0.143969 0.890625
0 0.101167 0.968750 0.097276 0.972656 0.097276 0.974609 0.095331 0.976562 0.097276 0.978516 0.103113 0.978516 0.103113 0.970703
0 0.038911 0.988281 0.036965 0.990234 0.035019 0.990234 0.035019 0.992188 0.033074 0.994141 0.033074 0.998047 0.054475 0.998047 0.054475 0.994141 0.050584 0.990234 0.048638 0.990234 0.046693 0.988281