0 0.097466 0.312500 0.095517 0.314453 0.093567 0.314453 0.093567 0.322266 0.097466 0.326172 0.103314 0.326172 0.105263 0.324219 0.107212 0.324219 0.107212 0.320312 0.109162 0.318359 0.107212 0.316406 0.107212 0.314453 0.105263 0.314453 0.103314 0.312500
0 0.461988 0.587891 0.458090 0.591797 0.458090 0.595703 0.461988 0.599609 0.465887 0.599609 0.469786 0.595703 0.469786 0.591797 0.465887 0.587891
0 0.311891 0.808594 0.307992 0.812500 0.307992 0.818359 0.311891 0.822266 0.317739 0.822266 0.321637 0.818359 0.321637 0.812500 0.317739 0.808594
0 0.518519 0.691406 0.518519 0.693359 0.514620 0.697266 0.514620 0.701172 0.518519 0.705078 0.518519 0.707031 0.524366 0.707031 0.530214 0.701172 0.530214 0.697266 0.524366 0.691406
0 0.812865 0.853516 0.810916 0.855469 0.810916 0.863281 0.812865 0.865234 0.818713 0.865234 0.820663 0.863281 0.820663 0.855469 0.818713 0.853516
0 0.730994 0.886719 0.729045 0.888672 0.729045 0.890625 0.727096 0.892578 0.727096 0.894531 0.729045 0.896484 0.729045 0.898438 0.730994 0.900391 0.732943 0.900391 0.734893 0.898438 0.736842 0.898438 0.736842 0.896484 0.738791 0.894531 0.738791 0.892578 0.736842 0.890625 0.736842 0.888672 0.734893 0.888672 0.732943 0.886719
0 0.668616 0.990234 0.666667 0.992188 0.664717 0.992188 0.664717 0.994141 0.662768 0.996094 0.662768 0.998047 0.676413 0.998047 0.676413 0.996094 0.674464 0.994141 0.674464 0.992188 0.672515 0.992188 0.670565 0.990234
0 0.847953 0.496094 0.846004 0.498047 0.846004 0.505859 0.847953 0.507812 0.853801 0.507812 0.855750 0.505859 0.855750 0.498047 0.853801 0.496094
0 0.569201 0.230469 0.567251 0.232422 0.565302 0.232422 0.565302 0.238281 0.569201 0.242188 0.573099 0.242188 0.576998 0.238281 0.576998 0.232422 0.575049 0.232422 0.573099 0.230469
0 0.635478 0.214844 0.633528 0.216797 0.633528 0.220703 0.635478 0.222656 0.639376 0.222656 0.641326 0.220703 0.641326 0.216797 0.639376 0.214844
0 0.943470 0.216797 0.939571 0.220703 0.939571 0.222656 0.943470 0.226562 0.947368 0.226562 0.949318 0.224609 0.949318 0.218750 0.947368 0.216797
0 0.953216 0.048828 0.951267 0.050781 0.949318 0.050781 0.949318 0.056641 0.953216 0.060547 0.957115 0.060547 0.961014 0.056641 0.961014 0.050781 0.959064 0.050781 0.957115 0.048828
0 0.165692 0.048828 0.161793 0.052734 0.161793 0.058594 0.163743 0.058594 0.165692 0.060547 0.169591 0.060547 0.171540 0.058594 0.173489 0.058594 0.173489 0.052734 0.169591 0.048828
0 0.068226 0.583984 0.066277 0.585938 0.062378 0.585938 0.060429 0.587891 0.060429 0.597656 0.066277 0.597656 0.068226 0.599609 0.079922 0.599609 0.081871 0.597656 0.081871 0.595703 0.079922 0.593750 0.079922 0.591797 0.077973 0.589844 0.077973 0.587891 0.076023 0.587891 0.072125 0.583984
0 0.968811 0.388672 0.966862 0.390625 0.964912 0.390625 0.964912 0.392578 0.961014 0.396484 0.961014 0.402344 0.964912 0.406250 0.966862 0.406250 0.966862 0.404297 0.972710 0.398438 0.972710 0.396484 0.974659 0.394531 0.974659 0.390625 0.972710 0.388672
0 0.781676 0.306641 0.781676 0.316406 0.785575 0.320312 0.789474 0.320312 0.797271 0.312500 0.797271 0.308594 0.795322 0.306641
0 0.553606 0.115234 0.553606 0.125000 0.555556 0.126953 0.557505 0.126953 0.561404 0.130859 0.563353 0.128906 0.563353 0.115234
0 0.990253 0.111328 0.990253 0.113281 0.994152 0.117188 0.996101 0.117188 0.998051 0.115234 0.998051 0.113281 0.996101 0.111328
0 0.407407 0.054688 0.401559 0.060547 0.401559 0.062500 0.399610 0.064453 0.397661 0.064453 0.397661 0.074219 0.409357 0.074219 0.409357 0.072266 0.411306 0.070312 0.411306 0.068359 0.413255 0.066406 0.413255 0.062500 0.411306 0.060547 0.411306 0.056641 0.409357 0.056641
0 0.000000 0.007812 0.000000 0.013672 0.003899 0.013672 0.003899 0.009766 0.001949 0.007812