0 0.130859 0.000000 0.126953 0.003891 0.126953 0.005837 0.125000 0.007782 0.123047 0.007782 0.123047 0.017510 0.132812 0.027237 0.132812 0.029183 0.134766 0.031128 0.136719 0.031128 0.138672 0.033074 0.142578 0.033074 0.144531 0.031128 0.152344 0.031128 0.154297 0.029183 0.158203 0.029183 0.160156 0.027237 0.160156 0.001946 0.158203 0.000000
0 0.101562 0.091440 0.097656 0.095331 0.097656 0.101167 0.101562 0.105058 0.107422 0.105058 0.109375 0.103113 0.109375 0.101167 0.111328 0.099222 0.111328 0.097276 0.109375 0.095331 0.109375 0.091440
0 0.125000 0.245136 0.125000 0.264591 0.123047 0.266537 0.123047 0.297665 0.125000 0.299611 0.125000 0.301556 0.126953 0.301556 0.130859 0.297665 0.132812 0.297665 0.142578 0.287938 0.144531 0.287938 0.148438 0.284047 0.150391 0.284047 0.152344 0.282101 0.152344 0.280156 0.158203 0.274319 0.160156 0.274319 0.160156 0.272374 0.162109 0.270428 0.162109 0.266537 0.156250 0.260700 0.154297 0.260700 0.152344 0.258755 0.152344 0.256809 0.150391 0.256809 0.148438 0.254864 0.146484 0.254864 0.144531 0.252918 0.142578 0.252918 0.138672 0.249027 0.136719 0.249027 0.134766 0.247082 0.134766 0.245136
0 0.177734 0.239300 0.175781 0.241245 0.173828 0.241245 0.171875 0.243191 0.167969 0.243191 0.166016 0.245136 0.164062 0.245136 0.158203 0.250973 0.156250 0.250973 0.154297 0.252918 0.154297 0.258755 0.156250 0.258755 0.164062 0.266537 0.164062 0.272374 0.160156 0.276265 0.158203 0.276265 0.154297 0.280156 0.154297 0.282101 0.156250 0.282101 0.158203 0.284047 0.160156 0.284047 0.164062 0.287938 0.164062 0.289883 0.166016 0.291829 0.193359 0.291829 0.195312 0.289883 0.197266 0.289883 0.203125 0.284047 0.207031 0.284047 0.207031 0.280156 0.212891 0.274319 0.212891 0.270428 0.214844 0.268482 0.212891 0.266537 0.212891 0.262646 0.207031 0.256809 0.207031 0.254864 0.203125 0.250973 0.201172 0.250973 0.199219 0.249027 0.199219 0.247082 0.195312 0.243191 0.191406 0.243191 0.187500 0.239300
0 0.140625 0.293774 0.136719 0.297665 0.134766 0.297665 0.128906 0.303502 0.128906 0.317121 0.138672 0.326848 0.150391 0.326848 0.154297 0.322957 0.154297 0.321012 0.158203 0.317121 0.160156 0.317121 0.160156 0.301556 0.158203 0.299611 0.156250 0.299611 0.154297 0.297665 0.150391 0.297665 0.148438 0.295720 0.146484 0.295720 0.144531 0.293774
0 0.189453 0.317121 0.183594 0.322957 0.183594 0.324903 0.181641 0.326848 0.181641 0.328794 0.179688 0.330739 0.179688 0.332685 0.177734 0.334630 0.177734 0.336576 0.179688 0.338521 0.179688 0.342412 0.183594 0.346304 0.183594 0.350195 0.185547 0.352140 0.205078 0.352140 0.208984 0.348249 0.208984 0.346304 0.212891 0.342412 0.212891 0.328794 0.210938 0.326848 0.210938 0.324903 0.208984 0.324903 0.203125 0.319066 0.195312 0.319066 0.193359 0.317121
0 0.042969 0.344358 0.041016 0.346304 0.039062 0.346304 0.037109 0.348249 0.031250 0.348249 0.029297 0.350195 0.029297 0.356031 0.027344 0.357977 0.027344 0.367704 0.029297 0.367704 0.035156 0.373541 0.035156 0.375486 0.050781 0.375486 0.052734 0.373541 0.054688 0.373541 0.056641 0.371595 0.056641 0.352140 0.052734 0.348249 0.050781 0.348249 0.046875 0.344358
0 0.181641 0.418288 0.177734 0.422179 0.177734 0.426070 0.179688 0.428016 0.179688 0.431907 0.181641 0.433852 0.181641 0.435798 0.183594 0.437743 0.183594 0.441634 0.185547 0.443580 0.185547 0.445525 0.187500 0.447471 0.187500 0.449416 0.189453 0.451362 0.191406 0.451362 0.193359 0.453307 0.197266 0.449416 0.197266 0.445525 0.199219 0.443580 0.201172 0.443580 0.205078 0.439689 0.205078 0.437743 0.210938 0.431907 0.210938 0.429961 0.212891 0.428016 0.212891 0.426070 0.214844 0.424125 0.212891 0.422179 0.208984 0.422179 0.207031 0.420233 0.197266 0.420233 0.195312 0.418288
0 0.076172 0.501946 0.076172 0.507782 0.082031 0.507782 0.082031 0.501946
0 0.166016 0.529183 0.164062 0.531128 0.162109 0.531128 0.162109 0.533074 0.160156 0.535019 0.160156 0.540856 0.162109 0.542802 0.162109 0.544747 0.166016 0.548638 0.173828 0.548638 0.177734 0.544747 0.177734 0.542802 0.179688 0.540856 0.179688 0.535019 0.177734 0.533074 0.177734 0.531128 0.175781 0.531128 0.173828 0.529183
0 0.216797 0.521401 0.214844 0.523346 0.212891 0.523346 0.210938 0.525292 0.208984 0.525292 0.207031 0.527237 0.205078 0.527237 0.201172 0.531128 0.199219 0.531128 0.197266 0.533074 0.199219 0.535019 0.199219 0.538911 0.201172 0.538911 0.203125 0.540856 0.205078 0.540856 0.207031 0.542802 0.208984 0.542802 0.212891 0.546693 0.214844 0.546693 0.216797 0.548638 0.222656 0.548638 0.228516 0.542802 0.230469 0.542802 0.232422 0.540856 0.234375 0.540856 0.234375 0.538911 0.236328 0.536965 0.238281 0.536965 0.238281 0.533074 0.234375 0.529183 0.232422 0.529183 0.230469 0.527237 0.228516 0.527237 0.226562 0.525292 0.222656 0.525292 0.220703 0.523346 0.218750 0.523346
0 0.259766 0.729572 0.255859 0.733463 0.255859 0.741245 0.257812 0.741245 0.259766 0.743191 0.265625 0.743191 0.267578 0.741245 0.269531 0.741245 0.269531 0.739300 0.271484 0.737354 0.269531 0.735409 0.269531 0.731518 0.267578 0.731518 0.265625 0.729572
0 0.619141 0.700389 0.613281 0.706226 0.613281 0.708171 0.611328 0.710117 0.611328 0.712062 0.609375 0.714008 0.609375 0.717899 0.619141 0.717899 0.621094 0.715953 0.623047 0.715953 0.625000 0.714008 0.625000 0.708171 0.623047 0.706226 0.623047 0.704280
0 0.597656 0.636187 0.595703 0.638132 0.593750 0.638132 0.589844 0.642023 0.585938 0.642023 0.583984 0.643969 0.580078 0.643969 0.578125 0.645914 0.578125 0.651751 0.576172 0.653696 0.578125 0.655642 0.578125 0.667315 0.580078 0.669261 0.582031 0.669261 0.583984 0.671206 0.583984 0.675097 0.587891 0.678988 0.589844 0.677043 0.591797 0.677043 0.597656 0.671206 0.599609 0.671206 0.601562 0.669261 0.601562 0.667315 0.605469 0.663424 0.605469 0.661479 0.607422 0.659533 0.607422 0.653696 0.605469 0.651751 0.605469 0.645914 0.603516 0.643969 0.603516 0.640078 0.601562 0.640078
0 0.695312 0.865759 0.693359 0.867704 0.660156 0.867704 0.658203 0.869650 0.652344 0.869650 0.652344 0.871595 0.650391 0.873541 0.650391 0.875486 0.648438 0.877432 0.648438 0.879377 0.644531 0.883268 0.644531 0.889105 0.642578 0.891051 0.640625 0.891051 0.640625 0.892996 0.638672 0.894942 0.638672 0.896887 0.636719 0.898833 0.636719 0.902724 0.640625 0.906615 0.640625 0.908560 0.644531 0.912451 0.644531 0.916342 0.646484 0.916342 0.648438 0.918288 0.648438 0.920233 0.652344 0.924125 0.652344 0.926070 0.654297 0.928016 0.654297 0.929961 0.656250 0.931907 0.656250 0.933852 0.658203 0.933852 0.660156 0.935798 0.660156 0.939689 0.662109 0.941634 0.669922 0.941634 0.671875 0.939689 0.703125 0.939689 0.705078 0.937743 0.707031 0.937743 0.708984 0.935798 0.708984 0.933852 0.710938 0.931907 0.710938 0.929961 0.712891 0.928016 0.712891 0.926070 0.716797 0.922179 0.716797 0.918288 0.720703 0.914397 0.720703 0.912451 0.726562 0.906615 0.726562 0.902724 0.724609 0.900778 0.724609 0.898833 0.722656 0.896887 0.722656 0.894942 0.716797 0.889105 0.716797 0.887160 0.714844 0.885214 0.714844 0.883268 0.712891 0.883268 0.710938 0.881323 0.710938 0.879377 0.708984 0.877432 0.708984 0.873541 0.707031 0.873541 0.705078 0.871595 0.705078 0.869650 0.701172 0.865759
0 0.796875 0.564202 0.794922 0.566148 0.791016 0.566148 0.789062 0.568093 0.787109 0.568093 0.785156 0.570039 0.781250 0.570039 0.779297 0.571984 0.779297 0.575875 0.777344 0.577821 0.777344 0.603113 0.781250 0.607004 0.787109 0.607004 0.789062 0.608949 0.791016 0.608949 0.792969 0.610895 0.802734 0.610895 0.804688 0.608949 0.806641 0.608949 0.808594 0.607004 0.808594 0.605058 0.818359 0.595331 0.818359 0.581712 0.814453 0.577821 0.814453 0.575875 0.808594 0.570039 0.808594 0.566148 0.806641 0.564202
0 0.771484 0.398833 0.769531 0.400778 0.755859 0.400778 0.751953 0.404669 0.751953 0.406615 0.750000 0.408560 0.748047 0.408560 0.748047 0.410506 0.746094 0.412451 0.746094 0.414397 0.742188 0.418288 0.742188 0.420233 0.738281 0.424125 0.738281 0.441634 0.736328 0.443580 0.738281 0.445525 0.738281 0.453307 0.740234 0.455253 0.740234 0.457198 0.742188 0.459144 0.744141 0.459144 0.748047 0.463035 0.748047 0.464981 0.750000 0.466926 0.751953 0.466926 0.753906 0.468872 0.759766 0.468872 0.761719 0.470817 0.763672 0.470817 0.765625 0.472763 0.769531 0.472763 0.773438 0.476654 0.779297 0.476654 0.783203 0.472763 0.785156 0.472763 0.787109 0.470817 0.789062 0.470817 0.791016 0.468872 0.792969 0.468872 0.794922 0.466926 0.794922 0.464981 0.798828 0.461089 0.798828 0.459144 0.796875 0.457198 0.796875 0.453307 0.798828 0.451362 0.798828 0.449416 0.800781 0.447471 0.800781 0.443580 0.802734 0.441634 0.802734 0.437743 0.804688 0.435798 0.804688 0.426070 0.802734 0.424125 0.802734 0.422179 0.800781 0.420233 0.800781 0.418288 0.798828 0.416342 0.798828 0.410506 0.796875 0.408560 0.792969 0.408560 0.791016 0.406615 0.791016 0.404669 0.789062 0.402724 0.787109 0.402724 0.785156 0.400778 0.783203 0.400778 0.781250 0.398833
0 0.957031 0.394942 0.957031 0.406615 0.958984 0.408560 0.958984 0.410506 0.960938 0.412451 0.960938 0.414397 0.962891 0.416342 0.962891 0.418288 0.964844 0.420233 0.964844 0.422179 0.966797 0.424125 0.966797 0.428016 0.970703 0.428016 0.972656 0.426070 0.972656 0.424125 0.974609 0.422179 0.976562 0.422179 0.976562 0.418288 0.986328 0.408560 0.986328 0.406615 0.988281 0.404669 0.988281 0.400778 0.986328 0.398833 0.974609 0.398833 0.972656 0.396887 0.960938 0.396887 0.958984 0.394942
0 0.386719 0.346304 0.386719 0.348249 0.384766 0.350195 0.384766 0.357977 0.386719 0.359922 0.386719 0.361868 0.396484 0.361868 0.398438 0.359922 0.398438 0.348249 0.396484 0.346304
0 0.296875 0.256809 0.294922 0.258755 0.271484 0.258755 0.269531 0.260700 0.263672 0.260700 0.261719 0.262646 0.259766 0.262646 0.259766 0.264591 0.257812 0.266537 0.257812 0.270428 0.255859 0.272374 0.255859 0.274319 0.253906 0.276265 0.253906 0.278210 0.250000 0.282101 0.250000 0.287938 0.248047 0.289883 0.248047 0.291829 0.244141 0.295720 0.244141 0.297665 0.242188 0.299611 0.242188 0.303502 0.240234 0.305447 0.240234 0.307393 0.238281 0.309339 0.238281 0.311284 0.236328 0.313230 0.236328 0.315175 0.232422 0.319066 0.232422 0.324903 0.228516 0.328794 0.228516 0.330739 0.226562 0.332685 0.226562 0.336576 0.224609 0.338521 0.224609 0.342412 0.226562 0.344358 0.226562 0.350195 0.228516 0.352140 0.228516 0.354086 0.232422 0.357977 0.232422 0.361868 0.236328 0.365759 0.236328 0.367704 0.238281 0.367704 0.240234 0.369650 0.240234 0.371595 0.242188 0.373541 0.242188 0.375486 0.244141 0.377432 0.244141 0.379377 0.250000 0.385214 0.250000 0.389105 0.251953 0.391051 0.255859 0.391051 0.257812 0.392996 0.257812 0.394942 0.265625 0.394942 0.267578 0.392996 0.277344 0.392996 0.279297 0.391051 0.300781 0.391051 0.302734 0.389105 0.314453 0.389105 0.316406 0.387160 0.324219 0.387160 0.326172 0.385214 0.333984 0.385214 0.335938 0.383268 0.337891 0.383268 0.337891 0.377432 0.341797 0.373541 0.341797 0.371595 0.345703 0.367704 0.345703 0.361868 0.349609 0.357977 0.349609 0.356031 0.353516 0.352140 0.353516 0.350195 0.355469 0.348249 0.355469 0.344358 0.357422 0.342412 0.357422 0.334630 0.355469 0.332685 0.355469 0.328794 0.347656 0.321012 0.347656 0.319066 0.345703 0.317121 0.345703 0.315175 0.337891 0.307393 0.337891 0.303502 0.333984 0.299611 0.333984 0.297665 0.330078 0.293774 0.330078 0.291829 0.328125 0.289883 0.328125 0.287938 0.326172 0.287938 0.324219 0.285992 0.324219 0.284047 0.322266 0.282101 0.322266 0.280156 0.318359 0.276265 0.318359 0.274319 0.314453 0.270428 0.314453 0.266537 0.310547 0.262646 0.308594 0.262646 0.306641 0.260700 0.304688 0.260700 0.302734 0.258755 0.300781 0.258755 0.298828 0.256809
0 0.302734 0.424125 0.300781 0.426070 0.298828 0.426070 0.294922 0.429961 0.294922 0.431907 0.292969 0.433852 0.292969 0.451362 0.298828 0.457198 0.300781 0.457198 0.302734 0.459144 0.302734 0.461089 0.320312 0.461089 0.324219 0.457198 0.328125 0.457198 0.330078 0.455253 0.330078 0.429961 0.326172 0.429961 0.320312 0.424125
0 0.478516 0.130350 0.474609 0.134241 0.474609 0.142023 0.478516 0.145914 0.484375 0.145914 0.486328 0.143969 0.486328 0.142023 0.488281 0.140078 0.488281 0.134241 0.484375 0.130350
0 0.511719 0.108949 0.509766 0.110895 0.507812 0.110895 0.507812 0.112840 0.505859 0.114786 0.505859 0.122568 0.507812 0.124514 0.509766 0.124514 0.511719 0.126459 0.515625 0.126459 0.517578 0.124514 0.519531 0.124514 0.521484 0.122568 0.521484 0.112840 0.517578 0.108949
0 0.621094 0.134241 0.619141 0.136187 0.617188 0.136187 0.615234 0.138132 0.611328 0.138132 0.609375 0.140078 0.607422 0.140078 0.601562 0.145914 0.601562 0.149805 0.599609 0.151751 0.599609 0.155642 0.597656 0.157588 0.597656 0.184825 0.599609 0.186770 0.601562 0.186770 0.603516 0.188716 0.605469 0.188716 0.613281 0.196498 0.615234 0.196498 0.619141 0.200389 0.632812 0.200389 0.636719 0.196498 0.640625 0.196498 0.642578 0.194553 0.644531 0.194553 0.646484 0.192607 0.648438 0.192607 0.650391 0.190661 0.650391 0.186770 0.652344 0.184825 0.652344 0.182879 0.654297 0.180934 0.654297 0.177043 0.656250 0.175097 0.656250 0.159533 0.654297 0.157588 0.654297 0.155642 0.650391 0.151751 0.650391 0.149805 0.648438 0.147860 0.646484 0.147860 0.644531 0.145914 0.642578 0.145914 0.640625 0.143969 0.640625 0.142023 0.638672 0.142023 0.636719 0.140078 0.634766 0.140078 0.632812 0.138132 0.630859 0.138132 0.628906 0.136187 0.626953 0.136187 0.625000 0.134241
0 0.777344 0.184825 0.775391 0.186770 0.734375 0.186770 0.732422 0.188716 0.728516 0.188716 0.726562 0.190661 0.726562 0.192607 0.728516 0.194553 0.728516 0.196498 0.730469 0.198444 0.730469 0.200389 0.732422 0.202335 0.732422 0.204280 0.734375 0.206226 0.734375 0.208171 0.742188 0.215953 0.742188 0.219844 0.746094 0.223735 0.746094 0.225681 0.750000 0.229572 0.750000 0.231518 0.751953 0.233463 0.751953 0.235409 0.759766 0.243191 0.761719 0.243191 0.763672 0.241245 0.763672 0.239300 0.765625 0.237354 0.767578 0.237354 0.767578 0.231518 0.771484 0.227626 0.771484 0.225681 0.773438 0.223735 0.773438 0.221790 0.777344 0.217899 0.777344 0.214008 0.781250 0.210117 0.781250 0.208171 0.783203 0.206226 0.783203 0.204280 0.785156 0.202335 0.785156 0.198444 0.787109 0.196498 0.787109 0.194553 0.789062 0.192607 0.789062 0.186770 0.787109 0.184825
0 0.966797 0.132296 0.966797 0.142023 0.968750 0.143969 0.968750 0.145914 0.978516 0.145914 0.980469 0.143969 0.980469 0.142023 0.982422 0.140078 0.980469 0.138132 0.980469 0.134241 0.978516 0.132296