0 0.140625 0.370155 0.138672 0.372093 0.134766 0.372093 0.128906 0.377907 0.128906 0.393411 0.130859 0.393411 0.132812 0.395349 0.132812 0.401163 0.134766 0.401163 0.136719 0.403101 0.138672 0.403101 0.140625 0.405039 0.142578 0.405039 0.144531 0.406977 0.146484 0.405039 0.152344 0.405039 0.154297 0.403101 0.160156 0.403101 0.160156 0.401163 0.162109 0.399225 0.162109 0.397287 0.164062 0.395349 0.164062 0.391473 0.166016 0.389535 0.166016 0.377907 0.164062 0.375969 0.162109 0.375969 0.158203 0.372093 0.156250 0.372093 0.154297 0.370155
0 0.367188 0.393411 0.365234 0.395349 0.363281 0.395349 0.361328 0.397287 0.361328 0.399225 0.357422 0.403101 0.355469 0.403101 0.353516 0.405039 0.353516 0.406977 0.351562 0.408915 0.351562 0.418605 0.365234 0.432171 0.367188 0.432171 0.371094 0.436047 0.373047 0.436047 0.375000 0.437984 0.396484 0.437984 0.396484 0.436047 0.398438 0.434109 0.400391 0.434109 0.404297 0.430233 0.404297 0.428295 0.406250 0.426357 0.406250 0.424419 0.408203 0.422481 0.408203 0.420543 0.410156 0.418605 0.410156 0.414729 0.408203 0.412791 0.408203 0.408915 0.406250 0.406977 0.406250 0.403101 0.400391 0.397287 0.398438 0.397287 0.396484 0.395349 0.396484 0.393411
0 0.279297 0.676357 0.277344 0.678295 0.275391 0.678295 0.273438 0.680233 0.271484 0.680233 0.269531 0.682171 0.263672 0.682171 0.261719 0.684109 0.261719 0.686047 0.259766 0.687984 0.259766 0.689922 0.257812 0.691860 0.257812 0.695736 0.255859 0.697674 0.255859 0.707364 0.257812 0.709302 0.257812 0.713178 0.261719 0.717054 0.261719 0.720930 0.263672 0.722868 0.265625 0.722868 0.267578 0.724806 0.269531 0.724806 0.271484 0.726744 0.271484 0.728682 0.277344 0.728682 0.279297 0.730620 0.294922 0.730620 0.304688 0.720930 0.304688 0.718992 0.306641 0.717054 0.306641 0.691860 0.304688 0.689922 0.304688 0.687984 0.302734 0.687984 0.292969 0.678295 0.289062 0.678295 0.287109 0.676357
0 0.503906 0.678295 0.501953 0.680233 0.498047 0.680233 0.496094 0.682171 0.496094 0.684109 0.494141 0.686047 0.490234 0.686047 0.486328 0.689922 0.488281 0.691860 0.488281 0.693798 0.490234 0.695736 0.490234 0.699612 0.492188 0.701550 0.492188 0.703488 0.496094 0.707364 0.496094 0.709302 0.507812 0.720930 0.511719 0.720930 0.515625 0.724806 0.519531 0.724806 0.521484 0.726744 0.525391 0.726744 0.527344 0.724806 0.529297 0.724806 0.539062 0.715116 0.539062 0.713178 0.541016 0.711240 0.541016 0.703488 0.542969 0.701550 0.542969 0.697674 0.541016 0.695736 0.541016 0.693798 0.539062 0.691860 0.539062 0.687984 0.537109 0.686047 0.535156 0.686047 0.529297 0.680233 0.527344 0.680233 0.525391 0.678295
0 0.699219 0.906977 0.697266 0.908915 0.695312 0.908915 0.691406 0.912791 0.691406 0.914729 0.687500 0.918605 0.687500 0.930233 0.689453 0.932171 0.689453 0.934109 0.691406 0.936047 0.691406 0.937984 0.695312 0.941860 0.697266 0.941860 0.701172 0.945736 0.716797 0.945736 0.718750 0.943798 0.720703 0.943798 0.724609 0.939922 0.726562 0.939922 0.726562 0.932171 0.728516 0.930233 0.728516 0.918605 0.722656 0.912791 0.722656 0.910853 0.718750 0.906977
0 0.957031 0.976744 0.955078 0.978682 0.951172 0.978682 0.947266 0.982558 0.945312 0.982558 0.941406 0.986434 0.941406 0.998062 0.980469 0.998062 0.980469 0.986434 0.978516 0.984496 0.978516 0.982558 0.976562 0.982558 0.970703 0.976744
0 0.998047 0.827519 0.994141 0.831395 0.988281 0.831395 0.988281 0.833333 0.986328 0.835271 0.984375 0.835271 0.980469 0.839147 0.978516 0.839147 0.978516 0.844961 0.976562 0.846899 0.976562 0.860465 0.978516 0.862403 0.978516 0.866279 0.982422 0.870155 0.982422 0.872093 0.984375 0.872093 0.986328 0.874031 0.990234 0.874031 0.992188 0.875969 0.994141 0.875969 0.996094 0.877907 0.998047 0.877907
0 0.953125 0.575581 0.951172 0.577519 0.949219 0.577519 0.947266 0.579457 0.943359 0.579457 0.943359 0.581395 0.933594 0.591085 0.933594 0.593023 0.931641 0.594961 0.931641 0.596899 0.935547 0.600775 0.935547 0.604651 0.941406 0.610465 0.941406 0.612403 0.943359 0.614341 0.943359 0.616279 0.945312 0.618217 0.951172 0.618217 0.953125 0.620155 0.957031 0.620155 0.958984 0.622093 0.970703 0.622093 0.974609 0.618217 0.976562 0.618217 0.980469 0.614341 0.982422 0.614341 0.988281 0.608527 0.988281 0.602713 0.986328 0.600775 0.986328 0.598837 0.980469 0.593023 0.980469 0.591085 0.974609 0.585271 0.974609 0.583333 0.970703 0.579457 0.962891 0.579457 0.960938 0.577519 0.955078 0.577519
0 0.878906 0.476744 0.876953 0.478682 0.875000 0.478682 0.871094 0.482558 0.871094 0.484496 0.869141 0.486434 0.865234 0.486434 0.865234 0.490310 0.863281 0.492248 0.863281 0.498062 0.865234 0.500000 0.865234 0.503876 0.869141 0.507752 0.869141 0.511628 0.875000 0.517442 0.876953 0.517442 0.878906 0.519380 0.888672 0.519380 0.890625 0.517442 0.896484 0.517442 0.898438 0.515504 0.900391 0.515504 0.902344 0.513566 0.906250 0.513566 0.906250 0.496124 0.904297 0.494186 0.904297 0.492248 0.902344 0.490310 0.902344 0.486434 0.898438 0.482558 0.898438 0.480620 0.896484 0.478682 0.890625 0.478682 0.888672 0.476744
0 0.757812 0.292636 0.755859 0.294574 0.750000 0.294574 0.748047 0.296512 0.744141 0.296512 0.744141 0.298450 0.742188 0.300388 0.742188 0.302326 0.740234 0.304264 0.740234 0.337209 0.742188 0.339147 0.744141 0.339147 0.746094 0.341085 0.746094 0.343023 0.750000 0.346899 0.751953 0.346899 0.753906 0.348837 0.763672 0.348837 0.765625 0.350775 0.767578 0.348837 0.777344 0.348837 0.779297 0.346899 0.781250 0.346899 0.783203 0.344961 0.785156 0.344961 0.787109 0.343023 0.787109 0.315891 0.785156 0.313953 0.785156 0.306202 0.775391 0.296512 0.771484 0.296512 0.769531 0.294574 0.765625 0.294574 0.763672 0.292636
0 0.669922 0.186047 0.667969 0.187984 0.664062 0.187984 0.660156 0.191860 0.658203 0.191860 0.656250 0.193798 0.654297 0.193798 0.654297 0.197674 0.652344 0.199612 0.652344 0.205426 0.654297 0.207364 0.654297 0.215116 0.656250 0.217054 0.656250 0.218992 0.658203 0.220930 0.658203 0.222868 0.664062 0.228682 0.666016 0.228682 0.667969 0.230620 0.669922 0.230620 0.673828 0.234496 0.687500 0.234496 0.693359 0.228682 0.695312 0.228682 0.697266 0.226744 0.697266 0.224806 0.703125 0.218992 0.703125 0.203488 0.701172 0.201550 0.701172 0.197674 0.699219 0.197674 0.697266 0.195736 0.697266 0.193798 0.695312 0.191860 0.693359 0.191860 0.691406 0.189922 0.687500 0.189922 0.685547 0.187984 0.675781 0.187984 0.673828 0.186047
0 0.613281 0.120155 0.611328 0.122093 0.607422 0.122093 0.605469 0.124031 0.603516 0.124031 0.601562 0.125969 0.599609 0.125969 0.599609 0.127907 0.597656 0.129845 0.597656 0.133721 0.593750 0.137597 0.595703 0.139535 0.595703 0.147287 0.597656 0.149225 0.597656 0.151163 0.599609 0.153101 0.599609 0.155039 0.601562 0.156977 0.601562 0.158915 0.603516 0.160853 0.605469 0.160853 0.607422 0.162791 0.607422 0.164729 0.609375 0.166667 0.630859 0.166667 0.634766 0.162791 0.634766 0.160853 0.638672 0.156977 0.638672 0.155039 0.640625 0.153101 0.640625 0.149225 0.642578 0.147287 0.642578 0.141473 0.640625 0.139535 0.640625 0.133721 0.638672 0.131783 0.638672 0.129845 0.634766 0.125969 0.634766 0.124031 0.632812 0.124031 0.630859 0.122093 0.626953 0.122093 0.625000 0.120155
0 0.351562 0.135659 0.349609 0.137597 0.347656 0.137597 0.345703 0.139535 0.341797 0.139535 0.337891 0.143411 0.335938 0.143411 0.335938 0.156977 0.337891 0.158915 0.337891 0.160853 0.339844 0.162791 0.339844 0.164729 0.341797 0.164729 0.343750 0.166667 0.343750 0.170543 0.345703 0.172481 0.347656 0.172481 0.349609 0.174419 0.357422 0.174419 0.359375 0.176357 0.363281 0.176357 0.365234 0.174419 0.375000 0.174419 0.376953 0.172481 0.378906 0.172481 0.378906 0.170543 0.384766 0.164729 0.384766 0.155039 0.382812 0.153101 0.382812 0.149225 0.380859 0.147287 0.380859 0.145349 0.378906 0.143411 0.378906 0.139535 0.376953 0.137597 0.373047 0.137597 0.371094 0.135659
0 0.712891 0.172481 0.708984 0.176357 0.707031 0.176357 0.705078 0.178295 0.703125 0.178295 0.703125 0.180233 0.701172 0.182171 0.701172 0.193798 0.703125 0.195736 0.703125 0.199612 0.707031 0.203488 0.707031 0.205426 0.708984 0.205426 0.710938 0.207364 0.710938 0.209302 0.712891 0.211240 0.712891 0.213178 0.718750 0.213178 0.720703 0.211240 0.724609 0.211240 0.730469 0.205426 0.732422 0.205426 0.732422 0.203488 0.734375 0.201550 0.734375 0.199612 0.736328 0.197674 0.738281 0.197674 0.738281 0.187984 0.736328 0.187984 0.734375 0.186047 0.734375 0.184109 0.732422 0.182171 0.732422 0.178295 0.730469 0.178295 0.724609 0.172481
0 0.863281 0.112403 0.861328 0.114341 0.859375 0.114341 0.857422 0.116279 0.855469 0.116279 0.853516 0.118217 0.849609 0.118217 0.849609 0.124031 0.847656 0.125969 0.847656 0.127907 0.845703 0.129845 0.845703 0.131783 0.843750 0.133721 0.843750 0.137597 0.845703 0.139535 0.845703 0.143411 0.847656 0.145349 0.847656 0.147287 0.849609 0.149225 0.849609 0.155039 0.851562 0.156977 0.853516 0.156977 0.859375 0.162791 0.861328 0.162791 0.863281 0.164729 0.867188 0.164729 0.869141 0.162791 0.871094 0.162791 0.873047 0.160853 0.875000 0.160853 0.882812 0.153101 0.882812 0.149225 0.884766 0.147287 0.884766 0.127907 0.882812 0.125969 0.882812 0.124031 0.878906 0.120155 0.878906 0.118217 0.876953 0.116279 0.875000 0.116279 0.871094 0.112403
0 0.812500 0.042636 0.810547 0.044574 0.806641 0.044574 0.804688 0.046512 0.800781 0.046512 0.798828 0.048450 0.792969 0.048450 0.787109 0.054264 0.787109 0.056202 0.783203 0.060078 0.783203 0.065891 0.785156 0.067829 0.785156 0.069767 0.787109 0.071705 0.787109 0.075581 0.789062 0.077519 0.789062 0.079457 0.791016 0.081395 0.791016 0.083333 0.792969 0.085271 0.792969 0.087209 0.794922 0.089147 0.794922 0.091085 0.796875 0.093023 0.798828 0.093023 0.802734 0.096899 0.806641 0.096899 0.808594 0.098837 0.820312 0.098837 0.822266 0.096899 0.828125 0.096899 0.828125 0.094961 0.830078 0.093023 0.832031 0.093023 0.837891 0.087209 0.843750 0.087209 0.845703 0.085271 0.849609 0.085271 0.851562 0.083333 0.851562 0.081395 0.849609 0.079457 0.849609 0.075581 0.843750 0.075581 0.841797 0.073643 0.839844 0.073643 0.835938 0.069767 0.835938 0.067829 0.833984 0.065891 0.832031 0.065891 0.830078 0.063953 0.830078 0.062016 0.828125 0.060078 0.828125 0.058140 0.826172 0.056202 0.826172 0.048450 0.822266 0.044574 0.818359 0.044574 0.816406 0.042636