0 0.236994 0.000000 0.240848 0.003906 0.240848 0.005859 0.242775 0.005859 0.244701 0.007812 0.248555 0.007812 0.250482 0.009766 0.252408 0.009766 0.254335 0.011719 0.258189 0.007812 0.260116 0.007812 0.267823 0.000000
0 0.277457 0.000000 0.275530 0.001953 0.267823 0.001953 0.260116 0.009766 0.260116 0.017578 0.258189 0.019531 0.258189 0.023438 0.260116 0.025391 0.260116 0.035156 0.262042 0.037109 0.265896 0.037109 0.267823 0.039062 0.267823 0.041016 0.269750 0.042969 0.277457 0.042969 0.279383 0.044922 0.281310 0.044922 0.283237 0.042969 0.287091 0.042969 0.290944 0.039062 0.292871 0.039062 0.294798 0.037109 0.294798 0.023438 0.292871 0.021484 0.292871 0.019531 0.290944 0.017578 0.290944 0.009766 0.289017 0.007812 0.289017 0.005859 0.285164 0.001953 0.281310 0.001953 0.279383 0.000000
0 0.292871 0.000000 0.292871 0.017578 0.294798 0.019531 0.294798 0.021484 0.298651 0.025391 0.298651 0.027344 0.304432 0.033203 0.314066 0.033203 0.317919 0.029297 0.317919 0.027344 0.323699 0.021484 0.323699 0.013672 0.325626 0.011719 0.325626 0.000000
0 0.317919 0.177734 0.315992 0.179688 0.314066 0.179688 0.312139 0.181641 0.310212 0.181641 0.306358 0.185547 0.304432 0.185547 0.304432 0.189453 0.302505 0.191406 0.302505 0.193359 0.300578 0.195312 0.300578 0.205078 0.302505 0.207031 0.302505 0.208984 0.304432 0.210938 0.304432 0.212891 0.312139 0.220703 0.323699 0.220703 0.325626 0.218750 0.327553 0.218750 0.335260 0.210938 0.335260 0.195312 0.333333 0.193359 0.333333 0.191406 0.331407 0.189453 0.331407 0.187500 0.329480 0.185547 0.329480 0.183594 0.323699 0.177734
0 0.348748 0.162109 0.346821 0.164062 0.341040 0.164062 0.333333 0.171875 0.331407 0.171875 0.331407 0.185547 0.333333 0.187500 0.333333 0.189453 0.335260 0.191406 0.335260 0.193359 0.337187 0.195312 0.337187 0.197266 0.339114 0.197266 0.341040 0.199219 0.341040 0.201172 0.344894 0.205078 0.348748 0.205078 0.350674 0.207031 0.354528 0.207031 0.356455 0.205078 0.358382 0.205078 0.360308 0.203125 0.360308 0.201172 0.364162 0.197266 0.364162 0.179688 0.362235 0.177734 0.362235 0.175781 0.360308 0.173828 0.360308 0.171875 0.354528 0.166016 0.352601 0.166016 0.350674 0.164062 0.350674 0.162109
0 0.373796 0.156250 0.369942 0.160156 0.368015 0.160156 0.366089 0.162109 0.366089 0.164062 0.364162 0.166016 0.364162 0.177734 0.366089 0.179688 0.366089 0.185547 0.375723 0.195312 0.381503 0.195312 0.383430 0.193359 0.385356 0.193359 0.387283 0.191406 0.387283 0.189453 0.389210 0.187500 0.391137 0.187500 0.391137 0.181641 0.393064 0.179688 0.393064 0.169922 0.391137 0.167969 0.391137 0.164062 0.387283 0.160156 0.383430 0.160156 0.381503 0.158203 0.375723 0.158203
0 0.429672 0.162109 0.427746 0.164062 0.425819 0.164062 0.418112 0.171875 0.418112 0.185547 0.420039 0.187500 0.420039 0.189453 0.421965 0.191406 0.421965 0.193359 0.425819 0.197266 0.425819 0.199219 0.431599 0.199219 0.433526 0.201172 0.443160 0.201172 0.445087 0.199219 0.445087 0.197266 0.447013 0.195312 0.447013 0.193359 0.448940 0.191406 0.448940 0.187500 0.450867 0.185547 0.450867 0.179688 0.448940 0.177734 0.448940 0.173828 0.445087 0.169922 0.445087 0.166016 0.443160 0.164062 0.437380 0.164062 0.435453 0.162109
0 0.406551 0.179688 0.404624 0.181641 0.400771 0.181641 0.394990 0.187500 0.393064 0.187500 0.393064 0.191406 0.391137 0.193359 0.391137 0.201172 0.393064 0.203125 0.393064 0.205078 0.394990 0.207031 0.394990 0.208984 0.396917 0.210938 0.396917 0.212891 0.400771 0.216797 0.404624 0.216797 0.406551 0.218750 0.410405 0.218750 0.412331 0.216797 0.414258 0.216797 0.416185 0.214844 0.416185 0.212891 0.420039 0.208984 0.420039 0.207031 0.421965 0.205078 0.421965 0.195312 0.420039 0.193359 0.420039 0.191406 0.418112 0.189453 0.418112 0.187500 0.416185 0.185547 0.416185 0.183594 0.414258 0.181641 0.408478 0.181641
0 0.368015 0.197266 0.366089 0.199219 0.366089 0.203125 0.360308 0.208984 0.360308 0.216797 0.362235 0.218750 0.362235 0.222656 0.366089 0.226562 0.366089 0.228516 0.369942 0.232422 0.371869 0.232422 0.375723 0.236328 0.377649 0.234375 0.385356 0.234375 0.385356 0.232422 0.387283 0.230469 0.389210 0.230469 0.389210 0.228516 0.393064 0.224609 0.393064 0.208984 0.389210 0.205078 0.389210 0.203125 0.385356 0.199219 0.381503 0.199219 0.379576 0.197266
0 0.337187 0.210938 0.331407 0.216797 0.331407 0.218750 0.329480 0.220703 0.329480 0.232422 0.331407 0.234375 0.331407 0.238281 0.333333 0.240234 0.333333 0.244141 0.337187 0.248047 0.341040 0.248047 0.342967 0.250000 0.352601 0.250000 0.360308 0.242188 0.360308 0.234375 0.362235 0.232422 0.362235 0.224609 0.360308 0.222656 0.360308 0.218750 0.356455 0.214844 0.354528 0.214844 0.352601 0.212891 0.352601 0.210938
0 0.285164 0.238281 0.279383 0.244141 0.277457 0.244141 0.275530 0.246094 0.275530 0.248047 0.273603 0.250000 0.273603 0.255859 0.271676 0.257812 0.271676 0.261719 0.273603 0.263672 0.273603 0.269531 0.275530 0.271484 0.275530 0.275391 0.279383 0.279297 0.281310 0.279297 0.283237 0.281250 0.287091 0.281250 0.289017 0.279297 0.290944 0.279297 0.294798 0.283203 0.294798 0.281250 0.296724 0.279297 0.298651 0.279297 0.302505 0.275391 0.302505 0.271484 0.304432 0.269531 0.304432 0.265625 0.306358 0.263672 0.306358 0.257812 0.302505 0.253906 0.302505 0.251953 0.300578 0.250000 0.300578 0.246094 0.296724 0.242188 0.292871 0.242188 0.290944 0.240234 0.287091 0.240234
0 0.310212 0.224609 0.308285 0.226562 0.306358 0.226562 0.300578 0.232422 0.300578 0.244141 0.302505 0.246094 0.302505 0.250000 0.304432 0.251953 0.304432 0.253906 0.312139 0.261719 0.325626 0.261719 0.331407 0.255859 0.331407 0.240234 0.329480 0.238281 0.329480 0.234375 0.327553 0.232422 0.327553 0.230469 0.325626 0.228516 0.323699 0.228516 0.321773 0.226562 0.321773 0.224609
0 0.289017 0.281250 0.287091 0.283203 0.283237 0.283203 0.277457 0.289062 0.277457 0.291016 0.275530 0.292969 0.275530 0.306641 0.277457 0.308594 0.277457 0.310547 0.279383 0.312500 0.279383 0.314453 0.285164 0.320312 0.289017 0.320312 0.290944 0.322266 0.292871 0.322266 0.294798 0.320312 0.296724 0.320312 0.298651 0.318359 0.300578 0.318359 0.302505 0.316406 0.302505 0.310547 0.304432 0.308594 0.304432 0.300781 0.302505 0.298828 0.302505 0.292969 0.300578 0.291016 0.300578 0.289062 0.298651 0.287109 0.296724 0.287109 0.290944 0.281250
0 0.310212 0.267578 0.308285 0.269531 0.306358 0.269531 0.306358 0.271484 0.304432 0.273438 0.304432 0.275391 0.302505 0.277344 0.302505 0.291016 0.304432 0.292969 0.304432 0.294922 0.308285 0.298828 0.308285 0.300781 0.312139 0.304688 0.312139 0.306641 0.314066 0.306641 0.315992 0.308594 0.317919 0.306641 0.321773 0.306641 0.325626 0.302734 0.327553 0.302734 0.327553 0.300781 0.329480 0.298828 0.329480 0.283203 0.327553 0.281250 0.327553 0.277344 0.319846 0.269531 0.319846 0.267578
0 0.335260 0.253906 0.327553 0.261719 0.327553 0.275391 0.329480 0.277344 0.329480 0.281250 0.331407 0.283203 0.331407 0.287109 0.333333 0.289062 0.333333 0.291016 0.335260 0.291016 0.337187 0.292969 0.346821 0.292969 0.348748 0.291016 0.350674 0.291016 0.350674 0.289062 0.352601 0.287109 0.352601 0.283203 0.358382 0.277344 0.358382 0.267578 0.356455 0.265625 0.356455 0.259766 0.354528 0.257812 0.354528 0.255859 0.352601 0.253906
0 0.369942 0.238281 0.368015 0.240234 0.366089 0.240234 0.362235 0.244141 0.362235 0.248047 0.360308 0.250000 0.360308 0.265625 0.362235 0.267578 0.362235 0.269531 0.364162 0.271484 0.364162 0.273438 0.366089 0.275391 0.371869 0.275391 0.373796 0.277344 0.375723 0.275391 0.379576 0.275391 0.383430 0.271484 0.383430 0.269531 0.387283 0.265625 0.387283 0.261719 0.389210 0.259766 0.389210 0.250000 0.385356 0.246094 0.385356 0.244141 0.383430 0.244141 0.379576 0.240234 0.377649 0.240234 0.375723 0.238281
0 0.398844 0.222656 0.396917 0.224609 0.394990 0.224609 0.393064 0.226562 0.393064 0.230469 0.391137 0.232422 0.391137 0.240234 0.389210 0.242188 0.389210 0.244141 0.391137 0.246094 0.391137 0.248047 0.393064 0.250000 0.393064 0.251953 0.398844 0.257812 0.402697 0.257812 0.404624 0.259766 0.406551 0.259766 0.414258 0.251953 0.414258 0.242188 0.416185 0.240234 0.416185 0.234375 0.414258 0.232422 0.414258 0.226562 0.410405 0.222656
0 0.425819 0.205078 0.423892 0.207031 0.421965 0.207031 0.421965 0.208984 0.418112 0.212891 0.418112 0.214844 0.416185 0.216797 0.416185 0.232422 0.418112 0.234375 0.418112 0.236328 0.421965 0.240234 0.423892 0.240234 0.425819 0.242188 0.431599 0.242188 0.433526 0.244141 0.435453 0.242188 0.443160 0.242188 0.445087 0.240234 0.445087 0.236328 0.447013 0.234375 0.447013 0.232422 0.448940 0.230469 0.448940 0.228516 0.450867 0.226562 0.450867 0.214844 0.448940 0.212891 0.447013 0.212891 0.445087 0.210938 0.445087 0.208984 0.443160 0.207031 0.441233 0.207031 0.439306 0.205078
0 0.306358 0.312500 0.304432 0.314453 0.304432 0.316406 0.302505 0.318359 0.302505 0.322266 0.300578 0.324219 0.300578 0.326172 0.298651 0.328125 0.300578 0.330078 0.300578 0.337891 0.302505 0.339844 0.302505 0.345703 0.304432 0.345703 0.306358 0.347656 0.308285 0.347656 0.312139 0.351562 0.314066 0.351562 0.315992 0.353516 0.317919 0.351562 0.319846 0.351562 0.325626 0.345703 0.325626 0.343750 0.327553 0.341797 0.327553 0.339844 0.329480 0.337891 0.329480 0.332031 0.327553 0.330078 0.327553 0.328125 0.325626 0.326172 0.325626 0.320312 0.323699 0.318359 0.323699 0.316406 0.321773 0.314453 0.321773 0.312500
0 0.331407 0.298828 0.329480 0.300781 0.329480 0.302734 0.327553 0.304688 0.327553 0.306641 0.325626 0.308594 0.325626 0.318359 0.327553 0.320312 0.327553 0.326172 0.329480 0.328125 0.329480 0.330078 0.331407 0.332031 0.331407 0.333984 0.333333 0.335938 0.346821 0.335938 0.348748 0.333984 0.348748 0.332031 0.350674 0.330078 0.350674 0.328125 0.354528 0.324219 0.354528 0.318359 0.356455 0.316406 0.356455 0.310547 0.354528 0.308594 0.354528 0.304688 0.348748 0.298828
0 0.358382 0.279297 0.354528 0.283203 0.354528 0.287109 0.352601 0.289062 0.352601 0.298828 0.354528 0.300781 0.354528 0.302734 0.356455 0.304688 0.356455 0.308594 0.358382 0.308594 0.362235 0.312500 0.371869 0.312500 0.373796 0.310547 0.377649 0.310547 0.379576 0.308594 0.379576 0.304688 0.381503 0.302734 0.381503 0.292969 0.379576 0.291016 0.379576 0.289062 0.377649 0.289062 0.375723 0.287109 0.375723 0.285156 0.371869 0.281250 0.369942 0.281250 0.368015 0.279297
0 0.391137 0.263672 0.391137 0.265625 0.389210 0.267578 0.387283 0.267578 0.385356 0.269531 0.385356 0.271484 0.383430 0.273438 0.383430 0.291016 0.387283 0.294922 0.389210 0.294922 0.391137 0.296875 0.391137 0.298828 0.393064 0.300781 0.396917 0.300781 0.398844 0.302734 0.404624 0.302734 0.408478 0.298828 0.410405 0.298828 0.410405 0.296875 0.412331 0.294922 0.414258 0.294922 0.414258 0.292969 0.416185 0.291016 0.416185 0.283203 0.414258 0.281250 0.414258 0.277344 0.412331 0.275391 0.412331 0.271484 0.410405 0.269531 0.410405 0.267578 0.408478 0.267578 0.406551 0.265625 0.404624 0.265625 0.402697 0.263672
0 0.423892 0.248047 0.414258 0.257812 0.414258 0.275391 0.416185 0.277344 0.416185 0.281250 0.421965 0.287109 0.423892 0.287109 0.425819 0.289062 0.433526 0.289062 0.435453 0.287109 0.437380 0.287109 0.441233 0.283203 0.441233 0.275391 0.443160 0.273438 0.443160 0.269531 0.445087 0.267578 0.443160 0.265625 0.443160 0.263672 0.441233 0.261719 0.441233 0.255859 0.435453 0.250000 0.433526 0.250000 0.431599 0.248047
0 0.456647 0.232422 0.454721 0.234375 0.452794 0.234375 0.448940 0.238281 0.448940 0.240234 0.445087 0.244141 0.445087 0.263672 0.448940 0.267578 0.448940 0.269531 0.450867 0.271484 0.452794 0.271484 0.454721 0.273438 0.470135 0.273438 0.472062 0.271484 0.473988 0.271484 0.473988 0.267578 0.475915 0.265625 0.475915 0.244141 0.473988 0.242188 0.472062 0.242188 0.470135 0.240234 0.470135 0.236328 0.466281 0.232422
0 0.477842 0.208984 0.475915 0.210938 0.473988 0.210938 0.468208 0.216797 0.468208 0.230469 0.472062 0.234375 0.472062 0.240234 0.473988 0.240234 0.481696 0.248047 0.485549 0.248047 0.487476 0.246094 0.493256 0.246094 0.495183 0.244141 0.495183 0.242188 0.497110 0.240234 0.497110 0.236328 0.499037 0.234375 0.499037 0.228516 0.497110 0.226562 0.497110 0.220703 0.493256 0.216797 0.493256 0.214844 0.491329 0.212891 0.491329 0.210938 0.489403 0.210938 0.487476 0.208984
0 0.304432 0.355469 0.302505 0.357422 0.298651 0.357422 0.296724 0.359375 0.296724 0.378906 0.300578 0.382812 0.300578 0.384766 0.302505 0.386719 0.323699 0.386719 0.325626 0.384766 0.325626 0.382812 0.329480 0.378906 0.329480 0.375000 0.327553 0.373047 0.327553 0.367188 0.325626 0.365234 0.325626 0.363281 0.323699 0.361328 0.323699 0.359375 0.321773 0.357422 0.317919 0.357422 0.315992 0.355469
0 0.331407 0.341797 0.331407 0.343750 0.329480 0.345703 0.329480 0.349609 0.327553 0.351562 0.327553 0.353516 0.325626 0.355469 0.325626 0.361328 0.327553 0.363281 0.327553 0.365234 0.329480 0.367188 0.329480 0.371094 0.331407 0.371094 0.333333 0.373047 0.337187 0.373047 0.339114 0.375000 0.341040 0.375000 0.342967 0.373047 0.346821 0.373047 0.350674 0.369141 0.350674 0.363281 0.352601 0.361328 0.350674 0.359375 0.350674 0.351562 0.348748 0.349609 0.348748 0.347656 0.342967 0.341797
0 0.368015 0.320312 0.366089 0.322266 0.358382 0.322266 0.358382 0.326172 0.354528 0.330078 0.354528 0.332031 0.352601 0.333984 0.352601 0.335938 0.350674 0.337891 0.350674 0.347656 0.354528 0.351562 0.354528 0.353516 0.356455 0.355469 0.356455 0.357422 0.358382 0.357422 0.360308 0.359375 0.369942 0.359375 0.371869 0.357422 0.377649 0.357422 0.377649 0.355469 0.381503 0.351562 0.381503 0.345703 0.383430 0.343750 0.383430 0.339844 0.381503 0.337891 0.381503 0.332031 0.379576 0.330078 0.379576 0.328125 0.377649 0.326172 0.377649 0.324219 0.375723 0.322266 0.369942 0.322266
0 0.389210 0.308594 0.383430 0.314453 0.383430 0.316406 0.379576 0.320312 0.379576 0.326172 0.381503 0.328125 0.381503 0.330078 0.383430 0.332031 0.383430 0.337891 0.385356 0.337891 0.387283 0.339844 0.387283 0.343750 0.393064 0.343750 0.394990 0.345703 0.404624 0.345703 0.404624 0.343750 0.412331 0.335938 0.412331 0.322266 0.410405 0.320312 0.410405 0.316406 0.404624 0.310547 0.404624 0.308594
0 0.425819 0.291016 0.423892 0.292969 0.421965 0.292969 0.418112 0.296875 0.416185 0.296875 0.416185 0.298828 0.412331 0.302734 0.412331 0.304688 0.410405 0.306641 0.410405 0.310547 0.412331 0.312500 0.412331 0.316406 0.414258 0.318359 0.414258 0.320312 0.416185 0.322266 0.416185 0.326172 0.418112 0.328125 0.421965 0.328125 0.423892 0.330078 0.425819 0.328125 0.431599 0.328125 0.439306 0.320312 0.439306 0.314453 0.441233 0.312500 0.441233 0.308594 0.439306 0.306641 0.439306 0.304688 0.437380 0.302734 0.437380 0.298828 0.433526 0.294922 0.433526 0.292969 0.427746 0.292969
0 0.450867 0.277344 0.448940 0.279297 0.447013 0.279297 0.447013 0.281250 0.445087 0.283203 0.445087 0.285156 0.443160 0.287109 0.443160 0.298828 0.445087 0.300781 0.445087 0.302734 0.447013 0.304688 0.447013 0.306641 0.448940 0.308594 0.468208 0.308594 0.470135 0.306641 0.470135 0.302734 0.472062 0.300781 0.472062 0.287109 0.470135 0.285156 0.470135 0.283203 0.466281 0.279297 0.462428 0.279297 0.460501 0.277344
0 0.487476 0.248047 0.485549 0.250000 0.483622 0.250000 0.481696 0.251953 0.481696 0.253906 0.479769 0.255859 0.479769 0.259766 0.477842 0.261719 0.477842 0.279297 0.481696 0.283203 0.481696 0.285156 0.485549 0.285156 0.487476 0.287109 0.489403 0.287109 0.491329 0.289062 0.497110 0.289062 0.499037 0.287109 0.502890 0.287109 0.504817 0.285156 0.506744 0.285156 0.506744 0.283203 0.510597 0.279297 0.510597 0.275391 0.512524 0.273438 0.512524 0.269531 0.510597 0.267578 0.510597 0.257812 0.506744 0.253906 0.506744 0.250000 0.504817 0.248047
0 0.518304 0.246094 0.516378 0.248047 0.514451 0.248047 0.514451 0.251953 0.512524 0.253906 0.512524 0.267578 0.514451 0.269531 0.514451 0.273438 0.516378 0.275391 0.516378 0.281250 0.522158 0.281250 0.524085 0.283203 0.535645 0.283203 0.539499 0.279297 0.539499 0.277344 0.541426 0.275391 0.541426 0.273438 0.543353 0.271484 0.543353 0.267578 0.541426 0.265625 0.541426 0.257812 0.539499 0.255859 0.539499 0.253906 0.537572 0.251953 0.537572 0.250000 0.535645 0.250000 0.533719 0.248047 0.531792 0.248047 0.529865 0.246094
0 0.552987 0.238281 0.549133 0.242188 0.547206 0.242188 0.545279 0.244141 0.545279 0.246094 0.543353 0.248047 0.543353 0.265625 0.545279 0.267578 0.545279 0.271484 0.547206 0.273438 0.551060 0.273438 0.552987 0.275391 0.560694 0.275391 0.564547 0.271484 0.568401 0.271484 0.572254 0.267578 0.572254 0.246094 0.570328 0.244141 0.570328 0.242188 0.568401 0.242188 0.566474 0.240234 0.564547 0.240234 0.562620 0.238281
0 0.306358 0.394531 0.304432 0.396484 0.298651 0.396484 0.296724 0.398438 0.294798 0.398438 0.294798 0.423828 0.302505 0.431641 0.304432 0.431641 0.306358 0.433594 0.308285 0.433594 0.310212 0.435547 0.312139 0.435547 0.314066 0.433594 0.321773 0.433594 0.321773 0.429688 0.325626 0.425781 0.325626 0.423828 0.327553 0.421875 0.327553 0.416016 0.323699 0.412109 0.323699 0.408203 0.321773 0.406250 0.321773 0.404297 0.319846 0.402344 0.319846 0.400391 0.314066 0.394531
0 0.331407 0.378906 0.327553 0.382812 0.327553 0.384766 0.325626 0.386719 0.325626 0.388672 0.323699 0.390625 0.323699 0.392578 0.321773 0.394531 0.321773 0.398438 0.323699 0.400391 0.323699 0.406250 0.325626 0.408203 0.325626 0.412109 0.329480 0.416016 0.333333 0.416016 0.335260 0.417969 0.337187 0.417969 0.339114 0.416016 0.344894 0.416016 0.350674 0.410156 0.352601 0.410156 0.352601 0.408203 0.354528 0.406250 0.354528 0.402344 0.356455 0.400391 0.356455 0.398438 0.354528 0.396484 0.354528 0.392578 0.352601 0.390625 0.352601 0.386719 0.344894 0.378906
0 0.360308 0.367188 0.358382 0.369141 0.356455 0.369141 0.352601 0.373047 0.352601 0.384766 0.354528 0.386719 0.354528 0.390625 0.356455 0.392578 0.356455 0.394531 0.358382 0.394531 0.364162 0.400391 0.373796 0.400391 0.379576 0.394531 0.379576 0.390625 0.381503 0.388672 0.381503 0.378906 0.379576 0.376953 0.379576 0.375000 0.377649 0.373047 0.377649 0.371094 0.375723 0.369141 0.371869 0.369141 0.369942 0.367188
0 0.389210 0.349609 0.387283 0.351562 0.385356 0.351562 0.383430 0.353516 0.383430 0.355469 0.381503 0.357422 0.381503 0.361328 0.379576 0.363281 0.379576 0.373047 0.383430 0.376953 0.383430 0.380859 0.387283 0.384766 0.402697 0.384766 0.410405 0.376953 0.410405 0.359375 0.404624 0.353516 0.402697 0.353516 0.400771 0.351562 0.400771 0.349609
0 0.421965 0.332031 0.420039 0.333984 0.414258 0.333984 0.414258 0.335938 0.412331 0.337891 0.412331 0.341797 0.410405 0.343750 0.410405 0.349609 0.412331 0.351562 0.412331 0.359375 0.414258 0.361328 0.414258 0.363281 0.416185 0.363281 0.420039 0.367188 0.429672 0.367188 0.433526 0.363281 0.435453 0.363281 0.437380 0.361328 0.439306 0.361328 0.441233 0.359375 0.441233 0.343750 0.439306 0.341797 0.439306 0.339844 0.433526 0.333984 0.429672 0.333984 0.427746 0.332031
0 0.450867 0.314453 0.448940 0.316406 0.445087 0.316406 0.445087 0.318359 0.441233 0.322266 0.441233 0.324219 0.439306 0.326172 0.439306 0.335938 0.441233 0.337891 0.441233 0.341797 0.445087 0.345703 0.445087 0.349609 0.448940 0.349609 0.450867 0.351562 0.452794 0.351562 0.454721 0.353516 0.462428 0.353516 0.466281 0.349609 0.470135 0.349609 0.472062 0.347656 0.472062 0.345703 0.473988 0.343750 0.473988 0.326172 0.472062 0.324219 0.472062 0.322266 0.466281 0.316406 0.458574 0.316406 0.456647 0.314453
0 0.489403 0.291016 0.487476 0.292969 0.483622 0.292969 0.481696 0.294922 0.479769 0.294922 0.477842 0.296875 0.475915 0.296875 0.475915 0.298828 0.472062 0.302734 0.472062 0.320312 0.473988 0.322266 0.473988 0.324219 0.475915 0.326172 0.475915 0.328125 0.479769 0.332031 0.479769 0.335938 0.481696 0.337891 0.493256 0.337891 0.495183 0.335938 0.497110 0.335938 0.504817 0.328125 0.504817 0.324219 0.506744 0.322266 0.506744 0.314453 0.502890 0.310547 0.502890 0.300781 0.500963 0.298828 0.500963 0.296875 0.499037 0.294922 0.497110 0.294922 0.493256 0.291016
0 0.514451 0.285156 0.504817 0.294922 0.504817 0.310547 0.508671 0.314453 0.508671 0.318359 0.510597 0.318359 0.514451 0.322266 0.529865 0.322266 0.535645 0.316406 0.535645 0.298828 0.533719 0.296875 0.533719 0.294922 0.531792 0.292969 0.531792 0.291016 0.527938 0.287109 0.527938 0.285156
0 0.549133 0.277344 0.545279 0.281250 0.543353 0.281250 0.541426 0.283203 0.541426 0.285156 0.537572 0.289062 0.537572 0.304688 0.539499 0.306641 0.539499 0.308594 0.541426 0.308594 0.543353 0.310547 0.547206 0.310547 0.549133 0.312500 0.552987 0.308594 0.558767 0.308594 0.560694 0.306641 0.560694 0.304688 0.568401 0.296875 0.568401 0.285156 0.562620 0.279297 0.558767 0.279297 0.556840 0.277344
0 0.329480 0.423828 0.327553 0.425781 0.327553 0.427734 0.323699 0.431641 0.323699 0.435547 0.325626 0.437500 0.325626 0.445312 0.327553 0.447266 0.327553 0.451172 0.333333 0.457031 0.342967 0.457031 0.354528 0.445312 0.354528 0.441406 0.352601 0.439453 0.352601 0.427734 0.350674 0.425781 0.348748 0.425781 0.346821 0.423828
0 0.364162 0.408203 0.362235 0.410156 0.360308 0.410156 0.358382 0.412109 0.356455 0.412109 0.354528 0.414062 0.354528 0.439453 0.356455 0.441406 0.360308 0.441406 0.362235 0.443359 0.371869 0.443359 0.373796 0.441406 0.377649 0.441406 0.381503 0.437500 0.381503 0.425781 0.379576 0.423828 0.379576 0.421875 0.375723 0.417969 0.375723 0.416016 0.373796 0.414062 0.373796 0.412109 0.371869 0.410156 0.366089 0.410156
0 0.391137 0.390625 0.389210 0.392578 0.383430 0.392578 0.379576 0.396484 0.379576 0.398438 0.375723 0.402344 0.375723 0.414062 0.377649 0.416016 0.377649 0.417969 0.381503 0.421875 0.381503 0.423828 0.383430 0.425781 0.383430 0.427734 0.385356 0.427734 0.387283 0.429688 0.400771 0.429688 0.402697 0.427734 0.404624 0.427734 0.410405 0.421875 0.410405 0.410156 0.408478 0.408203 0.408478 0.404297 0.404624 0.400391 0.404624 0.396484 0.400771 0.392578 0.396917 0.392578 0.394990 0.390625
0 0.421965 0.373047 0.420039 0.375000 0.416185 0.375000 0.414258 0.376953 0.412331 0.376953 0.412331 0.378906 0.406551 0.384766 0.406551 0.400391 0.410405 0.404297 0.410405 0.406250 0.412331 0.408203 0.412331 0.410156 0.416185 0.414062 0.425819 0.414062 0.427746 0.412109 0.429672 0.412109 0.431599 0.410156 0.433526 0.410156 0.435453 0.408203 0.435453 0.406250 0.439306 0.402344 0.439306 0.396484 0.441233 0.394531 0.441233 0.392578 0.439306 0.390625 0.439306 0.382812 0.437380 0.380859 0.437380 0.378906 0.433526 0.375000 0.427746 0.375000 0.425819 0.373047
0 0.454721 0.357422 0.452794 0.359375 0.447013 0.359375 0.441233 0.365234 0.439306 0.365234 0.439306 0.375000 0.437380 0.376953 0.439306 0.378906 0.439306 0.380859 0.441233 0.382812 0.441233 0.384766 0.443160 0.386719 0.445087 0.386719 0.448940 0.390625 0.448940 0.392578 0.450867 0.392578 0.452794 0.394531 0.462428 0.394531 0.470135 0.386719 0.470135 0.384766 0.472062 0.382812 0.472062 0.380859 0.473988 0.378906 0.473988 0.376953 0.472062 0.375000 0.472062 0.369141 0.468208 0.365234 0.468208 0.363281 0.462428 0.357422
0 0.485549 0.341797 0.483622 0.343750 0.481696 0.343750 0.477842 0.347656 0.475915 0.347656 0.475915 0.349609 0.473988 0.351562 0.473988 0.353516 0.472062 0.355469 0.472062 0.367188 0.473988 0.369141 0.473988 0.373047 0.475915 0.373047 0.481696 0.378906 0.483622 0.378906 0.485549 0.380859 0.497110 0.380859 0.499037 0.378906 0.499037 0.376953 0.502890 0.373047 0.504817 0.373047 0.506744 0.371094 0.506744 0.357422 0.502890 0.353516 0.502890 0.351562 0.500963 0.349609 0.500963 0.347656 0.499037 0.345703 0.497110 0.345703 0.495183 0.343750 0.491329 0.343750 0.489403 0.341797
0 0.510597 0.326172 0.508671 0.328125 0.508671 0.330078 0.504817 0.333984 0.504817 0.335938 0.502890 0.337891 0.502890 0.347656 0.506744 0.351562 0.506744 0.353516 0.508671 0.355469 0.508671 0.357422 0.510597 0.359375 0.510597 0.361328 0.512524 0.363281 0.531792 0.363281 0.535645 0.359375 0.535645 0.357422 0.537572 0.355469 0.537572 0.351562 0.539499 0.349609 0.539499 0.345703 0.537572 0.343750 0.537572 0.339844 0.535645 0.337891 0.535645 0.333984 0.527938 0.326172
0 0.547206 0.318359 0.545279 0.320312 0.543353 0.320312 0.541426 0.322266 0.539499 0.322266 0.537572 0.324219 0.537572 0.333984 0.539499 0.335938 0.539499 0.337891 0.543353 0.341797 0.543353 0.343750 0.547206 0.347656 0.551060 0.347656 0.552987 0.349609 0.554913 0.347656 0.556840 0.347656 0.558767 0.345703 0.562620 0.345703 0.562620 0.341797 0.566474 0.337891 0.566474 0.326172 0.564547 0.324219 0.564547 0.322266 0.562620 0.320312 0.560694 0.320312 0.558767 0.318359
0 0.570328 0.296875 0.562620 0.304688 0.562620 0.318359 0.566474 0.322266 0.566474 0.324219 0.568401 0.324219 0.570328 0.326172 0.570328 0.333984 0.572254 0.335938 0.581888 0.335938 0.583815 0.333984 0.585742 0.333984 0.587669 0.332031 0.589595 0.332031 0.589595 0.330078 0.595376 0.324219 0.595376 0.322266 0.597303 0.320312 0.597303 0.310547 0.595376 0.308594 0.595376 0.304688 0.587669 0.296875
0 0.358382 0.447266 0.356455 0.449219 0.356455 0.451172 0.350674 0.457031 0.350674 0.462891 0.348748 0.464844 0.348748 0.472656 0.350674 0.474609 0.350674 0.476562 0.352601 0.478516 0.352601 0.482422 0.356455 0.482422 0.358382 0.484375 0.364162 0.484375 0.366089 0.482422 0.371869 0.482422 0.377649 0.476562 0.377649 0.466797 0.379576 0.464844 0.377649 0.462891 0.377649 0.460938 0.375723 0.458984 0.375723 0.457031 0.373796 0.455078 0.373796 0.453125 0.368015 0.447266
0 0.389210 0.433594 0.387283 0.435547 0.383430 0.435547 0.383430 0.437500 0.379576 0.441406 0.379576 0.443359 0.377649 0.445312 0.377649 0.447266 0.375723 0.449219 0.375723 0.453125 0.377649 0.455078 0.377649 0.458984 0.379576 0.460938 0.379576 0.462891 0.381503 0.464844 0.381503 0.466797 0.383430 0.468750 0.385356 0.468750 0.387283 0.470703 0.402697 0.470703 0.406551 0.466797 0.406551 0.462891 0.410405 0.458984 0.410405 0.453125 0.412331 0.451172 0.410405 0.449219 0.410405 0.445312 0.408478 0.443359 0.408478 0.441406 0.402697 0.435547 0.396917 0.435547 0.394990 0.433594
0 0.418112 0.417969 0.412331 0.423828 0.410405 0.423828 0.410405 0.443359 0.414258 0.447266 0.414258 0.449219 0.418112 0.453125 0.418112 0.455078 0.425819 0.455078 0.427746 0.453125 0.433526 0.453125 0.433526 0.451172 0.437380 0.447266 0.437380 0.445312 0.439306 0.443359 0.439306 0.441406 0.441233 0.439453 0.441233 0.435547 0.439306 0.433594 0.439306 0.429688 0.437380 0.427734 0.437380 0.425781 0.435453 0.423828 0.435453 0.419922 0.433526 0.417969 0.431599 0.419922 0.421965 0.419922 0.420039 0.417969
0 0.447013 0.398438 0.445087 0.400391 0.445087 0.402344 0.441233 0.406250 0.439306 0.406250 0.437380 0.408203 0.437380 0.423828 0.439306 0.425781 0.439306 0.427734 0.441233 0.429688 0.441233 0.431641 0.443160 0.433594 0.464355 0.433594 0.470135 0.427734 0.470135 0.414062 0.468208 0.412109 0.468208 0.410156 0.466281 0.408203 0.466281 0.404297 0.462428 0.400391 0.456647 0.400391 0.454721 0.398438
0 0.479769 0.384766 0.477842 0.386719 0.473988 0.386719 0.470135 0.390625 0.470135 0.396484 0.468208 0.398438 0.468208 0.406250 0.472062 0.410156 0.472062 0.412109 0.477842 0.417969 0.481696 0.417969 0.483622 0.419922 0.489403 0.419922 0.491329 0.417969 0.495183 0.417969 0.497110 0.416016 0.499037 0.416016 0.500963 0.414062 0.500963 0.412109 0.502890 0.410156 0.502890 0.396484 0.499037 0.392578 0.499037 0.388672 0.497110 0.386719 0.493256 0.386719 0.491329 0.384766
0 0.512524 0.369141 0.508671 0.373047 0.506744 0.373047 0.506744 0.375000 0.502890 0.378906 0.502890 0.388672 0.504817 0.390625 0.504817 0.392578 0.506744 0.394531 0.506744 0.400391 0.510597 0.400391 0.514451 0.404297 0.516378 0.404297 0.518304 0.406250 0.526012 0.406250 0.527938 0.404297 0.529865 0.404297 0.531792 0.402344 0.533719 0.402344 0.533719 0.400391 0.535645 0.398438 0.535645 0.396484 0.537572 0.394531 0.537572 0.380859 0.535645 0.378906 0.535645 0.376953 0.533719 0.375000 0.533719 0.371094 0.531792 0.371094 0.529865 0.369141
0 0.543353 0.355469 0.539499 0.359375 0.539499 0.361328 0.537572 0.363281 0.537572 0.367188 0.535645 0.369141 0.535645 0.375000 0.537572 0.376953 0.537572 0.378906 0.539499 0.380859 0.539499 0.382812 0.541426 0.384766 0.541426 0.386719 0.545279 0.390625 0.552987 0.390625 0.554913 0.388672 0.558767 0.388672 0.562620 0.384766 0.562620 0.382812 0.564547 0.380859 0.564547 0.369141 0.562620 0.367188 0.562620 0.365234 0.558767 0.361328 0.558767 0.359375 0.556840 0.357422 0.554913 0.357422 0.552987 0.355469
0 0.572254 0.339844 0.566474 0.345703 0.566474 0.347656 0.562620 0.351562 0.562620 0.361328 0.564547 0.363281 0.564547 0.367188 0.572254 0.375000 0.572254 0.376953 0.574181 0.378906 0.589595 0.378906 0.595376 0.373047 0.595376 0.371094 0.597303 0.369141 0.597303 0.353516 0.595376 0.351562 0.595376 0.349609 0.591522 0.345703 0.591522 0.343750 0.587669 0.339844
0 0.601156 0.328125 0.599229 0.330078 0.599229 0.332031 0.597303 0.333984 0.597303 0.337891 0.595376 0.339844 0.595376 0.341797 0.593449 0.343750 0.595376 0.345703 0.595376 0.347656 0.597303 0.349609 0.597303 0.351562 0.599229 0.353516 0.599229 0.357422 0.601156 0.359375 0.601156 0.363281 0.603083 0.363281 0.605010 0.365234 0.606936 0.365234 0.608863 0.367188 0.616570 0.367188 0.618497 0.365234 0.620424 0.365234 0.622351 0.363281 0.622351 0.361328 0.624277 0.359375 0.624277 0.339844 0.622351 0.337891 0.622351 0.335938 0.620424 0.333984 0.620424 0.332031 0.618497 0.330078 0.616570 0.330078 0.614644 0.328125
0 0.614644 0.306641 0.614644 0.324219 0.618497 0.324219 0.622351 0.328125 0.622351 0.333984 0.624277 0.335938 0.624277 0.337891 0.626204 0.339844 0.626204 0.341797 0.630058 0.345703 0.630058 0.347656 0.631985 0.349609 0.637765 0.349609 0.639692 0.351562 0.641618 0.349609 0.647399 0.349609 0.647399 0.347656 0.651252 0.343750 0.651252 0.335938 0.653179 0.333984 0.653179 0.332031 0.651252 0.330078 0.651252 0.324219 0.645472 0.318359 0.643545 0.318359 0.641618 0.316406 0.633911 0.316406 0.630058 0.312500 0.630058 0.306641
0 0.385356 0.474609 0.383430 0.476562 0.381503 0.476562 0.379576 0.478516 0.377649 0.478516 0.375723 0.480469 0.375723 0.484375 0.373796 0.486328 0.373796 0.503906 0.377649 0.507812 0.379576 0.507812 0.381503 0.509766 0.381503 0.511719 0.383430 0.511719 0.385356 0.513672 0.393064 0.513672 0.394990 0.511719 0.396917 0.511719 0.398844 0.509766 0.400771 0.509766 0.402697 0.507812 0.404624 0.507812 0.404624 0.503906 0.406551 0.501953 0.406551 0.500000 0.408478 0.498047 0.408478 0.496094 0.406551 0.494141 0.406551 0.486328 0.404624 0.484375 0.404624 0.482422 0.400771 0.478516 0.398844 0.478516 0.394990 0.474609
0 0.414258 0.460938 0.410405 0.464844 0.410405 0.466797 0.408478 0.468750 0.408478 0.472656 0.406551 0.474609 0.406551 0.480469 0.408478 0.482422 0.408478 0.486328 0.410405 0.488281 0.410405 0.492188 0.412331 0.492188 0.416185 0.496094 0.427746 0.496094 0.429672 0.494141 0.431599 0.494141 0.433526 0.492188 0.433526 0.490234 0.435453 0.488281 0.437380 0.488281 0.437380 0.476562 0.435453 0.474609 0.435453 0.472656 0.433526 0.470703 0.433526 0.466797 0.427746 0.460938
0 0.447013 0.441406 0.445087 0.443359 0.443160 0.443359 0.435453 0.451172 0.435453 0.460938 0.433526 0.462891 0.433526 0.464844 0.435453 0.466797 0.435453 0.470703 0.437380 0.472656 0.437380 0.474609 0.439306 0.474609 0.441233 0.476562 0.452794 0.476562 0.454721 0.474609 0.460501 0.474609 0.460501 0.472656 0.466281 0.466797 0.466281 0.462891 0.468208 0.460938 0.468208 0.457031 0.464355 0.453125 0.464355 0.449219 0.460501 0.445312 0.460501 0.443359 0.458574 0.443359 0.456647 0.441406
0 0.477842 0.425781 0.475915 0.427734 0.473988 0.427734 0.468208 0.433594 0.466281 0.433594 0.466281 0.453125 0.472062 0.458984 0.491329 0.458984 0.495183 0.455078 0.497110 0.455078 0.497110 0.453125 0.500963 0.449219 0.500963 0.439453 0.499037 0.437500 0.499037 0.435547 0.491329 0.427734 0.489403 0.427734 0.487476 0.425781
0 0.510597 0.410156 0.504817 0.416016 0.502890 0.416016 0.500963 0.417969 0.500963 0.435547 0.502890 0.437500 0.502890 0.439453 0.504817 0.441406 0.504817 0.445312 0.506744 0.447266 0.508671 0.447266 0.510597 0.449219 0.512524 0.449219 0.514451 0.451172 0.516378 0.451172 0.518304 0.449219 0.524085 0.449219 0.524085 0.447266 0.531792 0.439453 0.531792 0.421875 0.529865 0.419922 0.529865 0.416016 0.527938 0.416016 0.524085 0.412109 0.520231 0.412109 0.518304 0.410156
0 0.543353 0.396484 0.541426 0.398438 0.537572 0.398438 0.537572 0.402344 0.531792 0.408203 0.531792 0.417969 0.533719 0.419922 0.533719 0.423828 0.535645 0.425781 0.535645 0.427734 0.537572 0.429688 0.537572 0.433594 0.541426 0.437500 0.554913 0.437500 0.558767 0.433594 0.558767 0.431641 0.562620 0.427734 0.562620 0.414062 0.560694 0.412109 0.560694 0.406250 0.558767 0.404297 0.558767 0.398438 0.552987 0.398438 0.551060 0.396484
0 0.570328 0.382812 0.568401 0.384766 0.568401 0.386719 0.564547 0.390625 0.564547 0.392578 0.562620 0.394531 0.560694 0.394531 0.560694 0.400391 0.562620 0.402344 0.562620 0.412109 0.568401 0.417969 0.568401 0.419922 0.570328 0.421875 0.574181 0.421875 0.576108 0.423828 0.578035 0.421875 0.587669 0.421875 0.593449 0.416016 0.593449 0.414062 0.595376 0.412109 0.595376 0.408203 0.597303 0.406250 0.597303 0.398438 0.595376 0.396484 0.595376 0.392578 0.593449 0.390625 0.593449 0.386719 0.591522 0.384766 0.585742 0.384766 0.583815 0.382812
0 0.601156 0.371094 0.595376 0.376953 0.595376 0.390625 0.599229 0.394531 0.599229 0.396484 0.603083 0.400391 0.603083 0.402344 0.605010 0.404297 0.605010 0.406250 0.614644 0.406250 0.618497 0.402344 0.620424 0.402344 0.622351 0.400391 0.622351 0.398438 0.624277 0.396484 0.624277 0.392578 0.622351 0.390625 0.622351 0.386719 0.620424 0.384766 0.620424 0.378906 0.614644 0.373047 0.614644 0.371094
0 0.631985 0.357422 0.630058 0.359375 0.628131 0.359375 0.626204 0.361328 0.626204 0.363281 0.624277 0.365234 0.622351 0.365234 0.622351 0.384766 0.624277 0.386719 0.624277 0.388672 0.628131 0.392578 0.649326 0.392578 0.653179 0.388672 0.653179 0.386719 0.655106 0.384766 0.655106 0.382812 0.657033 0.380859 0.657033 0.367188 0.655106 0.365234 0.655106 0.363281 0.649326 0.357422
0 0.416185 0.501953 0.414258 0.503906 0.410405 0.503906 0.406551 0.507812 0.406551 0.509766 0.404624 0.511719 0.404624 0.523438 0.406551 0.525391 0.406551 0.527344 0.410405 0.531250 0.410405 0.533203 0.414258 0.533203 0.416185 0.535156 0.418112 0.535156 0.420039 0.537109 0.427746 0.537109 0.433526 0.531250 0.435453 0.531250 0.435453 0.519531 0.433526 0.517578 0.433526 0.515625 0.431599 0.513672 0.431599 0.507812 0.429672 0.505859 0.429672 0.503906 0.421965 0.503906 0.420039 0.501953
0 0.445087 0.486328 0.443160 0.488281 0.441233 0.488281 0.439306 0.490234 0.435453 0.490234 0.435453 0.492188 0.433526 0.494141 0.433526 0.513672 0.435453 0.515625 0.435453 0.517578 0.437380 0.517578 0.443160 0.523438 0.454721 0.523438 0.460501 0.517578 0.462428 0.517578 0.462428 0.513672 0.464355 0.511719 0.464355 0.509766 0.466281 0.507812 0.466281 0.505859 0.464355 0.503906 0.464355 0.498047 0.462428 0.496094 0.462428 0.492188 0.460501 0.490234 0.458574 0.490234 0.456647 0.488281 0.452794 0.488281 0.450867 0.486328
0 0.473988 0.466797 0.472062 0.468750 0.470135 0.468750 0.466281 0.472656 0.466281 0.474609 0.464355 0.476562 0.464355 0.490234 0.466281 0.492188 0.466281 0.498047 0.472062 0.503906 0.485549 0.503906 0.493256 0.496094 0.493256 0.480469 0.491329 0.478516 0.491329 0.476562 0.485549 0.470703 0.485549 0.468750 0.483622 0.468750 0.481696 0.466797
0 0.502890 0.455078 0.500963 0.457031 0.499037 0.457031 0.497110 0.458984 0.495183 0.458984 0.493256 0.460938 0.493256 0.466797 0.491329 0.468750 0.491329 0.472656 0.493256 0.474609 0.493256 0.476562 0.495183 0.478516 0.495183 0.480469 0.497110 0.482422 0.497110 0.484375 0.499037 0.486328 0.499037 0.488281 0.500963 0.488281 0.502890 0.490234 0.504817 0.490234 0.506744 0.492188 0.518304 0.492188 0.518304 0.490234 0.522158 0.486328 0.524085 0.486328 0.524085 0.478516 0.526012 0.476562 0.526012 0.464844 0.522158 0.460938 0.522158 0.458984 0.520231 0.458984 0.518304 0.457031 0.516378 0.457031 0.514451 0.455078
0 0.533719 0.441406 0.533719 0.445312 0.529865 0.449219 0.529865 0.451172 0.527938 0.453125 0.527938 0.455078 0.526012 0.457031 0.527938 0.458984 0.527938 0.464844 0.529865 0.466797 0.529865 0.472656 0.533719 0.476562 0.535645 0.476562 0.537572 0.478516 0.539499 0.478516 0.541426 0.480469 0.543353 0.480469 0.545279 0.478516 0.547206 0.478516 0.551060 0.474609 0.552987 0.474609 0.552987 0.472656 0.554913 0.470703 0.554913 0.468750 0.556840 0.466797 0.556840 0.464844 0.558767 0.462891 0.558767 0.457031 0.556840 0.455078 0.556840 0.453125 0.554913 0.451172 0.554913 0.449219 0.549133 0.443359 0.547206 0.443359 0.545279 0.441406
0 0.568401 0.427734 0.566474 0.429688 0.564547 0.429688 0.564547 0.431641 0.560694 0.435547 0.560694 0.449219 0.562620 0.451172 0.562620 0.455078 0.564547 0.457031 0.564547 0.458984 0.566474 0.460938 0.566474 0.462891 0.568401 0.464844 0.572254 0.464844 0.574181 0.466797 0.581888 0.466797 0.583815 0.464844 0.587669 0.464844 0.591522 0.460938 0.591522 0.453125 0.593449 0.451172 0.593449 0.449219 0.591522 0.447266 0.591522 0.443359 0.589595 0.441406 0.589595 0.439453 0.587669 0.437500 0.587669 0.435547 0.581888 0.429688 0.578035 0.429688 0.576108 0.427734
0 0.601156 0.410156 0.599229 0.412109 0.597303 0.412109 0.597303 0.414062 0.593449 0.417969 0.593449 0.421875 0.591522 0.423828 0.591522 0.425781 0.589595 0.427734 0.589595 0.435547 0.591522 0.437500 0.591522 0.439453 0.593449 0.441406 0.593449 0.443359 0.597303 0.447266 0.618497 0.447266 0.626204 0.439453 0.626204 0.423828 0.624277 0.421875 0.624277 0.417969 0.622351 0.416016 0.622351 0.414062 0.620424 0.414062 0.616570 0.410156
0 0.633911 0.398438 0.631985 0.400391 0.630058 0.400391 0.628131 0.402344 0.628131 0.404297 0.626204 0.406250 0.626204 0.408203 0.624277 0.410156 0.624277 0.414062 0.626204 0.416016 0.626204 0.421875 0.628131 0.423828 0.628131 0.429688 0.630058 0.431641 0.631985 0.431641 0.635838 0.435547 0.637765 0.435547 0.639692 0.437500 0.641618 0.435547 0.645472 0.435547 0.647399 0.433594 0.647399 0.431641 0.649326 0.429688 0.649326 0.427734 0.651252 0.425781 0.651252 0.423828 0.653179 0.421875 0.653179 0.412109 0.651252 0.410156 0.651252 0.408203 0.647399 0.404297 0.647399 0.400391 0.645472 0.400391 0.643545 0.398438
0 0.664740 0.386719 0.662813 0.388672 0.658960 0.388672 0.657033 0.390625 0.657033 0.392578 0.655106 0.394531 0.655106 0.396484 0.653179 0.398438 0.653179 0.410156 0.655106 0.412109 0.655106 0.414062 0.662813 0.421875 0.664740 0.421875 0.666667 0.423828 0.670520 0.423828 0.672447 0.421875 0.674374 0.421875 0.674374 0.419922 0.676301 0.417969 0.680154 0.417969 0.680154 0.416016 0.682081 0.414062 0.682081 0.412109 0.684008 0.410156 0.684008 0.400391 0.680154 0.396484 0.680154 0.392578 0.676301 0.388672 0.666667 0.388672
0 0.416185 0.542969 0.414258 0.544922 0.412331 0.544922 0.410405 0.546875 0.408478 0.546875 0.408478 0.548828 0.406551 0.550781 0.406551 0.554688 0.404624 0.556641 0.404624 0.568359 0.408478 0.572266 0.408478 0.576172 0.412331 0.576172 0.414258 0.578125 0.416185 0.578125 0.420039 0.582031 0.421965 0.582031 0.423892 0.580078 0.425819 0.580078 0.427746 0.578125 0.431599 0.578125 0.435453 0.574219 0.435453 0.572266 0.437380 0.570312 0.437380 0.556641 0.435453 0.554688 0.435453 0.552734 0.433526 0.550781 0.433526 0.546875 0.431599 0.544922 0.429672 0.544922 0.427746 0.542969
0 0.443160 0.529297 0.435453 0.537109 0.435453 0.550781 0.437380 0.552734 0.437380 0.554688 0.447013 0.564453 0.454721 0.564453 0.456647 0.562500 0.460501 0.562500 0.462428 0.560547 0.462428 0.558594 0.464355 0.556641 0.466281 0.556641 0.466281 0.542969 0.464355 0.541016 0.464355 0.537109 0.462428 0.535156 0.462428 0.533203 0.458574 0.529297
0 0.473988 0.513672 0.472062 0.515625 0.468208 0.515625 0.466281 0.517578 0.466281 0.519531 0.464355 0.521484 0.464355 0.535156 0.466281 0.537109 0.466281 0.541016 0.468208 0.542969 0.470135 0.542969 0.473988 0.546875 0.473988 0.548828 0.475915 0.550781 0.481696 0.550781 0.483622 0.552734 0.487476 0.552734 0.489403 0.550781 0.491329 0.550781 0.491329 0.546875 0.495183 0.542969 0.495183 0.533203 0.491329 0.529297 0.491329 0.525391 0.489403 0.523438 0.489403 0.519531 0.483622 0.513672
0 0.502890 0.496094 0.500963 0.498047 0.497110 0.498047 0.495183 0.500000 0.493256 0.500000 0.493256 0.503906 0.491329 0.505859 0.491329 0.523438 0.493256 0.525391 0.493256 0.529297 0.495183 0.529297 0.502890 0.537109 0.516378 0.537109 0.518304 0.535156 0.518304 0.533203 0.522158 0.529297 0.522158 0.527344 0.524085 0.525391 0.524085 0.509766 0.522158 0.507812 0.522158 0.505859 0.520231 0.503906 0.520231 0.501953 0.514451 0.496094
0 0.533719 0.484375 0.531792 0.486328 0.529865 0.486328 0.524085 0.492188 0.524085 0.496094 0.522158 0.498047 0.522158 0.501953 0.524085 0.503906 0.524085 0.507812 0.526012 0.509766 0.526012 0.513672 0.527938 0.515625 0.527938 0.517578 0.531792 0.521484 0.533719 0.521484 0.535645 0.523438 0.543353 0.523438 0.545279 0.521484 0.547206 0.521484 0.549133 0.519531 0.551060 0.519531 0.552987 0.517578 0.554913 0.517578 0.554913 0.511719 0.556840 0.509766 0.556840 0.505859 0.554913 0.503906 0.554913 0.496094 0.545279 0.486328 0.543353 0.486328 0.541426 0.484375
0 0.566474 0.468750 0.564547 0.470703 0.560694 0.470703 0.558767 0.472656 0.558767 0.474609 0.556840 0.476562 0.556840 0.500000 0.558767 0.501953 0.558767 0.503906 0.562620 0.507812 0.578035 0.507812 0.579961 0.505859 0.581888 0.505859 0.583815 0.503906 0.585742 0.503906 0.585742 0.498047 0.587669 0.496094 0.587669 0.488281 0.589595 0.486328 0.585742 0.482422 0.585742 0.478516 0.581888 0.474609 0.581888 0.472656 0.579961 0.470703 0.578035 0.470703 0.576108 0.468750
0 0.599229 0.455078 0.597303 0.457031 0.595376 0.457031 0.593449 0.458984 0.593449 0.460938 0.591522 0.462891 0.591522 0.464844 0.587669 0.468750 0.587669 0.480469 0.589595 0.482422 0.589595 0.484375 0.595376 0.490234 0.595376 0.492188 0.597303 0.494141 0.599229 0.494141 0.601156 0.496094 0.606936 0.496094 0.608863 0.494141 0.614644 0.494141 0.614644 0.492188 0.620424 0.486328 0.620424 0.470703 0.618497 0.468750 0.618497 0.464844 0.614644 0.460938 0.614644 0.458984 0.612717 0.457031 0.608863 0.457031 0.606936 0.455078
0 0.630058 0.441406 0.628131 0.443359 0.626204 0.443359 0.622351 0.447266 0.622351 0.451172 0.620424 0.453125 0.620424 0.468750 0.622351 0.470703 0.622351 0.472656 0.624277 0.474609 0.624277 0.476562 0.626204 0.478516 0.630058 0.478516 0.631985 0.480469 0.633911 0.480469 0.635838 0.478516 0.641618 0.478516 0.643545 0.476562 0.645472 0.476562 0.645472 0.474609 0.647399 0.472656 0.647399 0.468750 0.649326 0.466797 0.649326 0.462891 0.651252 0.460938 0.651252 0.455078 0.649326 0.453125 0.649326 0.447266 0.647399 0.445312 0.647399 0.443359 0.643545 0.443359 0.641618 0.441406
0 0.662813 0.425781 0.660886 0.427734 0.658960 0.427734 0.657033 0.429688 0.655106 0.429688 0.653179 0.431641 0.653179 0.435547 0.651252 0.437500 0.651252 0.447266 0.653179 0.449219 0.653179 0.455078 0.657033 0.458984 0.658960 0.458984 0.662813 0.462891 0.668593 0.462891 0.670520 0.464844 0.672447 0.464844 0.678227 0.458984 0.678227 0.457031 0.680154 0.455078 0.680154 0.453125 0.682081 0.451172 0.682081 0.439453 0.680154 0.437500 0.680154 0.435547 0.676301 0.431641 0.676301 0.429688 0.674374 0.429688 0.672447 0.427734 0.670520 0.427734 0.668593 0.425781
0 0.693642 0.412109 0.689788 0.416016 0.687861 0.416016 0.685934 0.417969 0.684008 0.417969 0.682081 0.419922 0.682081 0.437500 0.687861 0.443359 0.687861 0.445312 0.689788 0.447266 0.697495 0.447266 0.699422 0.449219 0.703276 0.449219 0.705202 0.447266 0.709056 0.447266 0.709056 0.443359 0.712909 0.439453 0.712909 0.425781 0.709056 0.421875 0.709056 0.419922 0.707129 0.417969 0.707129 0.416016 0.703276 0.412109
0 0.720617 0.398438 0.718690 0.400391 0.716763 0.400391 0.712909 0.404297 0.712909 0.421875 0.714836 0.423828 0.714836 0.427734 0.716763 0.427734 0.724470 0.435547 0.734104 0.435547 0.737958 0.431641 0.737958 0.429688 0.741811 0.425781 0.741811 0.423828 0.743738 0.421875 0.743738 0.412109 0.734104 0.402344 0.734104 0.400391 0.730250 0.400391 0.728324 0.398438
0 0.447013 0.568359 0.445087 0.570312 0.443160 0.570312 0.437380 0.576172 0.437380 0.582031 0.435453 0.583984 0.435453 0.591797 0.437380 0.593750 0.437380 0.601562 0.439306 0.603516 0.443160 0.603516 0.445087 0.605469 0.448940 0.605469 0.450867 0.603516 0.454721 0.603516 0.458574 0.599609 0.458574 0.597656 0.462428 0.593750 0.462428 0.585938 0.460501 0.583984 0.460501 0.578125 0.458574 0.576172 0.458574 0.574219 0.456647 0.572266 0.456647 0.570312 0.454721 0.568359
0 0.468208 0.556641 0.462428 0.562500 0.462428 0.583984 0.464355 0.585938 0.464355 0.587891 0.466281 0.587891 0.472062 0.593750 0.475915 0.593750 0.477842 0.595703 0.483622 0.595703 0.485549 0.593750 0.487476 0.593750 0.489403 0.591797 0.489403 0.589844 0.491329 0.587891 0.491329 0.568359 0.489403 0.566406 0.489403 0.564453 0.481696 0.556641
0 0.506744 0.539062 0.504817 0.541016 0.502890 0.541016 0.500963 0.542969 0.497110 0.542969 0.493256 0.546875 0.493256 0.570312 0.495183 0.572266 0.495183 0.574219 0.499037 0.578125 0.502890 0.578125 0.504817 0.580078 0.506744 0.580078 0.508671 0.582031 0.514451 0.582031 0.520231 0.576172 0.520231 0.574219 0.522158 0.572266 0.522158 0.564453 0.524085 0.562500 0.524085 0.552734 0.522158 0.550781 0.522158 0.548828 0.520231 0.546875 0.520231 0.544922 0.514451 0.539062
0 0.527938 0.529297 0.526012 0.531250 0.526012 0.533203 0.524085 0.535156 0.524085 0.550781 0.526012 0.552734 0.526012 0.554688 0.527938 0.554688 0.535645 0.562500 0.541426 0.562500 0.543353 0.560547 0.545279 0.560547 0.547206 0.558594 0.547206 0.556641 0.549133 0.554688 0.549133 0.552734 0.551060 0.550781 0.551060 0.542969 0.549133 0.541016 0.549133 0.537109 0.547206 0.535156 0.547206 0.533203 0.545279 0.531250 0.545279 0.529297
0 0.562620 0.513672 0.560694 0.515625 0.558767 0.515625 0.554913 0.519531 0.554913 0.521484 0.552987 0.523438 0.552987 0.525391 0.551060 0.527344 0.551060 0.539062 0.554913 0.542969 0.554913 0.550781 0.558767 0.554688 0.560694 0.554688 0.562620 0.556641 0.576108 0.556641 0.579961 0.552734 0.581888 0.552734 0.581888 0.548828 0.583815 0.546875 0.583815 0.544922 0.585742 0.542969 0.585742 0.539062 0.583815 0.537109 0.583815 0.531250 0.581888 0.529297 0.581888 0.521484 0.579961 0.521484 0.572254 0.513672
0 0.591522 0.500000 0.587669 0.503906 0.587669 0.505859 0.581888 0.511719 0.581888 0.519531 0.583815 0.521484 0.583815 0.527344 0.589595 0.533203 0.589595 0.535156 0.591522 0.537109 0.593449 0.537109 0.595376 0.539062 0.605010 0.539062 0.606936 0.537109 0.610790 0.537109 0.610790 0.535156 0.616570 0.529297 0.616570 0.513672 0.614644 0.511719 0.614644 0.507812 0.608863 0.501953 0.606936 0.501953 0.605010 0.500000
0 0.624277 0.484375 0.624277 0.486328 0.616570 0.494141 0.616570 0.511719 0.618497 0.513672 0.618497 0.515625 0.624277 0.521484 0.626204 0.521484 0.628131 0.523438 0.637765 0.523438 0.637765 0.519531 0.641618 0.515625 0.641618 0.513672 0.643545 0.511719 0.645472 0.511719 0.649326 0.507812 0.649326 0.501953 0.647399 0.500000 0.647399 0.498047 0.645472 0.496094 0.645472 0.494141 0.643545 0.494141 0.641618 0.492188 0.641618 0.488281 0.637765 0.484375
0 0.657033 0.466797 0.655106 0.468750 0.649326 0.468750 0.649326 0.472656 0.647399 0.474609 0.647399 0.476562 0.645472 0.478516 0.645472 0.482422 0.643545 0.484375 0.643545 0.486328 0.647399 0.490234 0.647399 0.494141 0.649326 0.496094 0.649326 0.500000 0.651252 0.501953 0.653179 0.501953 0.655106 0.503906 0.657033 0.503906 0.658960 0.505859 0.668593 0.505859 0.674374 0.500000 0.674374 0.498047 0.676301 0.496094 0.676301 0.494141 0.678227 0.492188 0.678227 0.480469 0.676301 0.478516 0.676301 0.472656 0.674374 0.470703 0.674374 0.468750 0.668593 0.468750 0.666667 0.466797
0 0.689788 0.455078 0.687861 0.457031 0.685934 0.457031 0.684008 0.458984 0.684008 0.460938 0.682081 0.462891 0.682081 0.468750 0.680154 0.470703 0.680154 0.478516 0.682081 0.480469 0.682081 0.482422 0.684008 0.484375 0.684008 0.486328 0.685934 0.488281 0.703276 0.488281 0.703276 0.486328 0.709056 0.480469 0.709056 0.478516 0.710983 0.476562 0.710983 0.468750 0.709056 0.466797 0.709056 0.462891 0.707129 0.460938 0.707129 0.458984 0.705202 0.458984 0.703276 0.457031 0.703276 0.455078
0 0.718690 0.439453 0.716763 0.441406 0.712909 0.441406 0.712909 0.443359 0.710983 0.445312 0.710983 0.466797 0.712909 0.468750 0.712909 0.470703 0.714836 0.470703 0.716763 0.472656 0.718690 0.472656 0.720617 0.474609 0.730250 0.474609 0.732177 0.472656 0.734104 0.472656 0.737958 0.468750 0.737958 0.466797 0.739884 0.464844 0.739884 0.458984 0.741811 0.457031 0.739884 0.455078 0.739884 0.449219 0.737958 0.447266 0.737958 0.445312 0.736031 0.443359 0.736031 0.441406 0.728324 0.441406 0.726397 0.439453
0 0.747592 0.423828 0.745665 0.425781 0.743738 0.425781 0.739884 0.429688 0.739884 0.431641 0.737958 0.433594 0.737958 0.441406 0.739884 0.443359 0.739884 0.445312 0.741811 0.447266 0.741811 0.449219 0.743738 0.451172 0.743738 0.453125 0.745665 0.453125 0.747592 0.455078 0.749518 0.455078 0.751445 0.457031 0.759152 0.457031 0.761079 0.455078 0.763006 0.455078 0.766859 0.451172 0.766859 0.445312 0.768786 0.443359 0.766859 0.441406 0.766859 0.429688 0.764933 0.427734 0.764933 0.425781 0.763006 0.425781 0.761079 0.423828
0 0.774566 0.416016 0.772640 0.417969 0.772640 0.419922 0.768786 0.423828 0.768786 0.433594 0.770713 0.435547 0.770713 0.439453 0.772640 0.441406 0.772640 0.443359 0.776493 0.443359 0.778420 0.445312 0.782274 0.445312 0.784200 0.443359 0.788054 0.443359 0.791908 0.439453 0.793834 0.439453 0.793834 0.437500 0.795761 0.435547 0.795761 0.429688 0.797688 0.427734 0.788054 0.417969 0.786127 0.417969 0.784200 0.416016
0 0.462428 0.595703 0.460501 0.597656 0.460501 0.599609 0.456647 0.603516 0.456647 0.605469 0.454721 0.607422 0.454721 0.613281 0.456647 0.615234 0.456647 0.621094 0.458574 0.621094 0.464355 0.626953 0.466281 0.626953 0.468208 0.628906 0.472062 0.628906 0.473988 0.630859 0.475915 0.630859 0.483622 0.623047 0.485549 0.623047 0.485549 0.621094 0.487476 0.619141 0.487476 0.607422 0.485549 0.605469 0.485549 0.603516 0.479769 0.597656 0.477842 0.597656 0.475915 0.595703
0 0.499037 0.583984 0.497110 0.585938 0.493256 0.585938 0.493256 0.591797 0.491329 0.593750 0.491329 0.607422 0.493256 0.609375 0.493256 0.615234 0.497110 0.615234 0.499037 0.617188 0.500963 0.617188 0.502890 0.619141 0.506744 0.619141 0.508671 0.617188 0.514451 0.617188 0.518304 0.613281 0.518304 0.611328 0.520231 0.609375 0.520231 0.595703 0.516378 0.591797 0.516378 0.589844 0.510597 0.583984
0 0.529865 0.568359 0.529865 0.570312 0.524085 0.576172 0.524085 0.578125 0.522158 0.580078 0.522158 0.589844 0.524085 0.591797 0.524085 0.597656 0.531792 0.605469 0.543353 0.605469 0.545279 0.603516 0.547206 0.603516 0.549133 0.601562 0.549133 0.597656 0.551060 0.595703 0.551060 0.583984 0.549133 0.582031 0.549133 0.578125 0.547206 0.576172 0.547206 0.574219 0.545279 0.572266 0.545279 0.570312 0.543353 0.568359
0 0.562620 0.560547 0.560694 0.562500 0.558767 0.562500 0.551060 0.570312 0.551060 0.582031 0.554913 0.585938 0.554913 0.589844 0.560694 0.595703 0.568401 0.595703 0.570328 0.593750 0.574181 0.593750 0.576108 0.591797 0.578035 0.591797 0.579961 0.589844 0.579961 0.587891 0.581888 0.585938 0.581888 0.572266 0.578035 0.568359 0.578035 0.566406 0.576108 0.564453 0.574181 0.564453 0.572254 0.562500 0.570328 0.562500 0.568401 0.560547
0 0.599229 0.544922 0.597303 0.546875 0.585742 0.546875 0.585742 0.548828 0.583815 0.550781 0.583815 0.552734 0.581888 0.554688 0.581888 0.558594 0.579961 0.560547 0.579961 0.566406 0.581888 0.568359 0.581888 0.570312 0.583815 0.572266 0.583815 0.574219 0.585742 0.576172 0.585742 0.578125 0.589595 0.582031 0.601156 0.582031 0.603083 0.580078 0.605010 0.580078 0.605010 0.578125 0.608863 0.574219 0.608863 0.572266 0.610790 0.570312 0.610790 0.560547 0.608863 0.558594 0.608863 0.556641 0.606936 0.554688 0.606936 0.552734 0.605010 0.550781 0.605010 0.546875 0.601156 0.546875
0 0.620424 0.529297 0.618497 0.531250 0.616570 0.531250 0.612717 0.535156 0.612717 0.541016 0.610790 0.542969 0.610790 0.552734 0.612717 0.554688 0.612717 0.560547 0.614644 0.560547 0.616570 0.562500 0.618497 0.562500 0.622351 0.566406 0.631985 0.566406 0.637765 0.560547 0.639692 0.560547 0.639692 0.554688 0.641618 0.552734 0.641618 0.541016 0.639692 0.539062 0.639692 0.533203 0.637765 0.533203 0.633911 0.529297
0 0.649326 0.509766 0.645472 0.513672 0.643545 0.513672 0.643545 0.515625 0.639692 0.519531 0.639692 0.531250 0.641618 0.533203 0.641618 0.535156 0.643545 0.537109 0.643545 0.539062 0.645472 0.541016 0.645472 0.542969 0.647399 0.544922 0.647399 0.546875 0.649326 0.546875 0.653179 0.550781 0.658960 0.550781 0.660886 0.548828 0.664740 0.548828 0.674374 0.539062 0.674374 0.527344 0.672447 0.525391 0.672447 0.523438 0.670520 0.521484 0.670520 0.517578 0.664740 0.511719 0.664740 0.509766
0 0.682081 0.494141 0.680154 0.496094 0.680154 0.498047 0.678227 0.500000 0.678227 0.501953 0.674374 0.505859 0.674374 0.507812 0.672447 0.509766 0.672447 0.521484 0.674374 0.523438 0.674374 0.525391 0.678227 0.529297 0.678227 0.531250 0.680154 0.531250 0.682081 0.533203 0.685934 0.533203 0.687861 0.535156 0.691715 0.535156 0.693642 0.533203 0.697495 0.533203 0.697495 0.531250 0.699422 0.529297 0.701349 0.529297 0.705202 0.525391 0.705202 0.523438 0.707129 0.521484 0.707129 0.507812 0.705202 0.505859 0.705202 0.503906 0.701349 0.500000 0.701349 0.496094 0.699422 0.494141
0 0.718690 0.476562 0.716763 0.478516 0.712909 0.478516 0.712909 0.480469 0.710983 0.482422 0.709056 0.482422 0.705202 0.486328 0.705202 0.490234 0.703276 0.492188 0.703276 0.500000 0.707129 0.503906 0.707129 0.505859 0.709056 0.507812 0.709056 0.509766 0.710983 0.511719 0.710983 0.513672 0.714836 0.517578 0.726397 0.517578 0.728324 0.515625 0.730250 0.515625 0.739884 0.505859 0.739884 0.496094 0.737958 0.494141 0.737958 0.492188 0.736031 0.490234 0.736031 0.488281 0.732177 0.484375 0.732177 0.482422 0.730250 0.482422 0.724470 0.476562
0 0.745665 0.462891 0.739884 0.468750 0.739884 0.470703 0.737958 0.472656 0.736031 0.472656 0.736031 0.486328 0.737958 0.488281 0.737958 0.490234 0.739884 0.492188 0.739884 0.494141 0.741811 0.496094 0.741811 0.500000 0.743738 0.500000 0.745665 0.501953 0.757225 0.501953 0.759152 0.500000 0.761079 0.500000 0.763006 0.498047 0.763006 0.496094 0.764933 0.494141 0.764933 0.492188 0.766859 0.490234 0.766859 0.484375 0.764933 0.482422 0.764933 0.478516 0.763006 0.476562 0.763006 0.470703 0.761079 0.468750 0.761079 0.466797 0.757225 0.462891 0.755299 0.464844 0.747592 0.464844
0 0.774566 0.449219 0.772640 0.451172 0.770713 0.451172 0.764933 0.457031 0.764933 0.462891 0.763006 0.464844 0.763006 0.468750 0.764933 0.470703 0.764933 0.476562 0.766859 0.478516 0.766859 0.480469 0.768786 0.482422 0.768786 0.484375 0.772640 0.484375 0.776493 0.488281 0.778420 0.486328 0.784200 0.486328 0.786127 0.484375 0.789981 0.484375 0.791908 0.482422 0.791908 0.480469 0.793834 0.478516 0.793834 0.462891 0.791908 0.460938 0.791908 0.457031 0.789981 0.457031 0.784200 0.451172 0.784200 0.449219
0 0.797688 0.433594 0.797688 0.437500 0.793834 0.441406 0.791908 0.441406 0.791908 0.455078 0.793834 0.457031 0.793834 0.460938 0.795761 0.462891 0.795761 0.464844 0.797688 0.466797 0.797688 0.468750 0.799615 0.470703 0.801541 0.470703 0.803468 0.472656 0.807322 0.472656 0.809249 0.470703 0.813102 0.470703 0.815029 0.468750 0.816956 0.468750 0.820809 0.464844 0.820809 0.462891 0.822736 0.460938 0.822736 0.451172 0.820809 0.449219 0.820809 0.447266 0.818882 0.445312 0.818882 0.441406 0.816956 0.439453 0.816956 0.437500 0.813102 0.433594
0 0.838150 0.416016 0.836224 0.417969 0.830443 0.417969 0.828516 0.419922 0.824663 0.419922 0.820809 0.423828 0.820809 0.427734 0.818882 0.429688 0.818882 0.437500 0.820809 0.439453 0.820809 0.443359 0.828516 0.451172 0.842004 0.451172 0.843931 0.449219 0.845857 0.449219 0.845857 0.447266 0.847784 0.445312 0.847784 0.425781 0.845857 0.425781 0.843931 0.423828 0.843931 0.421875
0 0.529865 0.607422 0.526012 0.611328 0.524085 0.611328 0.524085 0.613281 0.516378 0.621094 0.516378 0.632812 0.518304 0.634766 0.518304 0.636719 0.520231 0.638672 0.520231 0.640625 0.524085 0.644531 0.527938 0.644531 0.529865 0.646484 0.541426 0.646484 0.545279 0.642578 0.545279 0.640625 0.547206 0.638672 0.549133 0.638672 0.549133 0.621094 0.547206 0.619141 0.547206 0.617188 0.543353 0.613281 0.543353 0.611328 0.541426 0.609375 0.539499 0.609375 0.537572 0.607422
0 0.556840 0.597656 0.554913 0.599609 0.554913 0.601562 0.552987 0.603516 0.552987 0.605469 0.551060 0.607422 0.551060 0.625000 0.554913 0.628906 0.554913 0.630859 0.562620 0.630859 0.564547 0.632812 0.568401 0.632812 0.570328 0.630859 0.574181 0.630859 0.579961 0.625000 0.579961 0.609375 0.578035 0.607422 0.578035 0.605469 0.572254 0.599609 0.568401 0.599609 0.566474 0.597656
0 0.587669 0.589844 0.581888 0.595703 0.581888 0.599609 0.579961 0.601562 0.579961 0.603516 0.581888 0.605469 0.581888 0.609375 0.585742 0.613281 0.585742 0.615234 0.587669 0.617188 0.587669 0.619141 0.595376 0.619141 0.597303 0.621094 0.599229 0.621094 0.601156 0.619141 0.605010 0.619141 0.606936 0.617188 0.606936 0.615234 0.608863 0.613281 0.608863 0.611328 0.610790 0.609375 0.608863 0.607422 0.608863 0.603516 0.606936 0.601562 0.606936 0.599609 0.605010 0.597656 0.605010 0.593750 0.603083 0.591797 0.601156 0.591797 0.599229 0.589844
0 0.626204 0.570312 0.624277 0.572266 0.616570 0.572266 0.614644 0.574219 0.612717 0.574219 0.612717 0.576172 0.610790 0.578125 0.608863 0.578125 0.608863 0.601562 0.614644 0.607422 0.630058 0.607422 0.631985 0.605469 0.633911 0.605469 0.635838 0.603516 0.635838 0.601562 0.639692 0.597656 0.639692 0.593750 0.641618 0.591797 0.641618 0.587891 0.639692 0.585938 0.639692 0.583984 0.635838 0.580078 0.635838 0.578125 0.631985 0.574219 0.630058 0.574219
0 0.647399 0.556641 0.643545 0.560547 0.641618 0.560547 0.639692 0.562500 0.639692 0.566406 0.637765 0.568359 0.637765 0.574219 0.639692 0.576172 0.639692 0.580078 0.641618 0.582031 0.641618 0.583984 0.645472 0.587891 0.645472 0.589844 0.651252 0.589844 0.653179 0.591797 0.655106 0.591797 0.657033 0.589844 0.662813 0.589844 0.662813 0.587891 0.670520 0.580078 0.670520 0.572266 0.668593 0.570312 0.668593 0.568359 0.666667 0.566406 0.666667 0.562500 0.662813 0.558594 0.662813 0.556641
0 0.682081 0.539062 0.680154 0.541016 0.678227 0.541016 0.670520 0.548828 0.670520 0.560547 0.672447 0.562500 0.672447 0.566406 0.674374 0.568359 0.674374 0.570312 0.680154 0.576172 0.695568 0.576172 0.701349 0.570312 0.701349 0.568359 0.703276 0.566406 0.703276 0.550781 0.701349 0.548828 0.701349 0.546875 0.699422 0.544922 0.699422 0.542969 0.697495 0.542969 0.695568 0.541016 0.693642 0.541016 0.691715 0.539062
0 0.712909 0.519531 0.705202 0.527344 0.705202 0.529297 0.703276 0.531250 0.703276 0.533203 0.701349 0.535156 0.701349 0.539062 0.703276 0.541016 0.703276 0.546875 0.705202 0.548828 0.705202 0.550781 0.712909 0.558594 0.722543 0.558594 0.724470 0.556641 0.726397 0.556641 0.736031 0.546875 0.734104 0.544922 0.734104 0.537109 0.730250 0.533203 0.730250 0.529297 0.728324 0.527344 0.728324 0.525391 0.726397 0.523438 0.722543 0.523438 0.720617 0.521484 0.716763 0.521484 0.714836 0.519531
0 0.739884 0.507812 0.730250 0.517578 0.730250 0.525391 0.732177 0.527344 0.732177 0.533203 0.736031 0.537109 0.736031 0.544922 0.737958 0.544922 0.739884 0.546875 0.745665 0.546875 0.747592 0.548828 0.749518 0.546875 0.753372 0.546875 0.755299 0.544922 0.757225 0.544922 0.759152 0.542969 0.759152 0.539062 0.761079 0.537109 0.761079 0.521484 0.759152 0.519531 0.759152 0.513672 0.757225 0.511719 0.757225 0.509766 0.755299 0.507812
0 0.772640 0.490234 0.770713 0.492188 0.768786 0.492188 0.764933 0.496094 0.764933 0.498047 0.763006 0.500000 0.763006 0.505859 0.761079 0.507812 0.761079 0.509766 0.763006 0.511719 0.763006 0.517578 0.764933 0.519531 0.764933 0.523438 0.770713 0.529297 0.770713 0.531250 0.772640 0.533203 0.776493 0.533203 0.778420 0.535156 0.784200 0.535156 0.788054 0.531250 0.789981 0.531250 0.789981 0.527344 0.793834 0.523438 0.793834 0.519531 0.795761 0.517578 0.795761 0.509766 0.793834 0.507812 0.793834 0.503906 0.791908 0.501953 0.791908 0.500000 0.789981 0.498047 0.789981 0.494141 0.786127 0.490234
0 0.801541 0.476562 0.799615 0.478516 0.797688 0.478516 0.795761 0.480469 0.793834 0.480469 0.793834 0.488281 0.791908 0.490234 0.791908 0.494141 0.793834 0.496094 0.793834 0.500000 0.795761 0.501953 0.795761 0.503906 0.797688 0.503906 0.803468 0.509766 0.809249 0.509766 0.811175 0.511719 0.813102 0.511719 0.816956 0.507812 0.818882 0.507812 0.818882 0.505859 0.820809 0.503906 0.820809 0.500000 0.822736 0.498047 0.820809 0.496094 0.820809 0.492188 0.818882 0.490234 0.818882 0.488281 0.816956 0.486328 0.816956 0.484375 0.815029 0.482422 0.815029 0.480469 0.811175 0.476562
0 0.824663 0.458984 0.824663 0.460938 0.822736 0.462891 0.822736 0.464844 0.816956 0.470703 0.816956 0.478516 0.818882 0.480469 0.818882 0.484375 0.820809 0.486328 0.820809 0.488281 0.822736 0.490234 0.822736 0.492188 0.824663 0.492188 0.826590 0.494141 0.828516 0.494141 0.830443 0.496094 0.838150 0.496094 0.840077 0.494141 0.842004 0.494141 0.845857 0.490234 0.845857 0.488281 0.847784 0.486328 0.847784 0.484375 0.849711 0.482422 0.849711 0.474609 0.847784 0.472656 0.847784 0.468750 0.843931 0.464844 0.843931 0.462891 0.842004 0.460938 0.842004 0.458984
0 0.552987 0.638672 0.551060 0.640625 0.547206 0.640625 0.547206 0.642578 0.543353 0.646484 0.543353 0.664062 0.547206 0.667969 0.549133 0.667969 0.552987 0.671875 0.554913 0.671875 0.556840 0.673828 0.562620 0.673828 0.564547 0.671875 0.568401 0.671875 0.574181 0.666016 0.574181 0.648438 0.572254 0.646484 0.572254 0.642578 0.570328 0.640625 0.566474 0.640625 0.564547 0.638672
0 0.585742 0.625000 0.583815 0.626953 0.579961 0.626953 0.574181 0.632812 0.574181 0.646484 0.578035 0.650391 0.578035 0.654297 0.585742 0.662109 0.595376 0.662109 0.597303 0.660156 0.599229 0.660156 0.605010 0.654297 0.605010 0.652344 0.606936 0.650391 0.606936 0.644531 0.603083 0.640625 0.603083 0.632812 0.601156 0.630859 0.601156 0.626953 0.599229 0.625000
0 0.618497 0.613281 0.616570 0.615234 0.612717 0.615234 0.610790 0.617188 0.610790 0.619141 0.606936 0.623047 0.606936 0.625000 0.605010 0.626953 0.605010 0.628906 0.603083 0.630859 0.605010 0.632812 0.605010 0.640625 0.610790 0.646484 0.610790 0.648438 0.616570 0.654297 0.624277 0.654297 0.630058 0.648438 0.631985 0.648438 0.633911 0.646484 0.633911 0.626953 0.631985 0.625000 0.631985 0.623047 0.630058 0.621094 0.630058 0.619141 0.628131 0.617188 0.628131 0.615234 0.626204 0.613281
0 0.641618 0.599609 0.639692 0.601562 0.637765 0.601562 0.637765 0.603516 0.633911 0.607422 0.633911 0.609375 0.631985 0.611328 0.631985 0.621094 0.633911 0.623047 0.633911 0.625000 0.635838 0.626953 0.635838 0.630859 0.643545 0.638672 0.645472 0.638672 0.647399 0.640625 0.653179 0.640625 0.655106 0.638672 0.657033 0.638672 0.664740 0.630859 0.664740 0.625000 0.666667 0.623047 0.664740 0.621094 0.664740 0.615234 0.662813 0.613281 0.662813 0.611328 0.660886 0.609375 0.660886 0.607422 0.658960 0.605469 0.658960 0.603516 0.657033 0.601562 0.657033 0.599609
0 0.674374 0.580078 0.672447 0.582031 0.670520 0.582031 0.664740 0.587891 0.664740 0.589844 0.660886 0.593750 0.660886 0.605469 0.662813 0.607422 0.662813 0.609375 0.664740 0.611328 0.664740 0.613281 0.666667 0.615234 0.666667 0.617188 0.668593 0.619141 0.670520 0.619141 0.672447 0.621094 0.674374 0.621094 0.676301 0.623047 0.678227 0.621094 0.685934 0.621094 0.687861 0.619141 0.691715 0.619141 0.691715 0.617188 0.693642 0.615234 0.695568 0.615234 0.695568 0.607422 0.697495 0.605469 0.697495 0.597656 0.695568 0.595703 0.695568 0.587891 0.693642 0.587891 0.691715 0.585938 0.691715 0.583984 0.689788 0.582031 0.687861 0.582031 0.685934 0.580078
0 0.710983 0.568359 0.709056 0.570312 0.703276 0.570312 0.699422 0.574219 0.699422 0.576172 0.697495 0.578125 0.695568 0.578125 0.695568 0.585938 0.697495 0.587891 0.697495 0.591797 0.699422 0.593750 0.699422 0.599609 0.705202 0.605469 0.718690 0.605469 0.724470 0.599609 0.724470 0.597656 0.728324 0.593750 0.728324 0.582031 0.726397 0.580078 0.726397 0.578125 0.724470 0.576172 0.724470 0.574219 0.720617 0.570312 0.718690 0.570312 0.716763 0.568359
0 0.736031 0.548828 0.724470 0.560547 0.724470 0.570312 0.726397 0.572266 0.726397 0.574219 0.728324 0.576172 0.728324 0.580078 0.734104 0.585938 0.736031 0.585938 0.737958 0.587891 0.743738 0.587891 0.745665 0.585938 0.751445 0.585938 0.755299 0.582031 0.755299 0.580078 0.759152 0.576172 0.759152 0.566406 0.757225 0.564453 0.757225 0.560547 0.753372 0.556641 0.753372 0.554688 0.749518 0.550781 0.747592 0.550781 0.745665 0.548828
0 0.772640 0.535156 0.770713 0.537109 0.766859 0.537109 0.759152 0.544922 0.759152 0.546875 0.757225 0.548828 0.757225 0.556641 0.759152 0.558594 0.759152 0.564453 0.761079 0.566406 0.761079 0.568359 0.764933 0.572266 0.766859 0.572266 0.768786 0.574219 0.778420 0.574219 0.780347 0.572266 0.782274 0.572266 0.784200 0.570312 0.784200 0.568359 0.786127 0.566406 0.788054 0.566406 0.788054 0.564453 0.789981 0.562500 0.789981 0.546875 0.786127 0.542969 0.786127 0.541016 0.782274 0.537109 0.776493 0.537109 0.774566 0.535156
0 0.797688 0.519531 0.797688 0.521484 0.793834 0.525391 0.793834 0.529297 0.789981 0.533203 0.789981 0.542969 0.791908 0.544922 0.791908 0.548828 0.793834 0.550781 0.793834 0.554688 0.795761 0.554688 0.797688 0.556641 0.799615 0.556641 0.801541 0.558594 0.811175 0.558594 0.813102 0.556641 0.813102 0.554688 0.816956 0.550781 0.816956 0.548828 0.818882 0.546875 0.818882 0.535156 0.816956 0.533203 0.816956 0.531250 0.815029 0.529297 0.815029 0.525391 0.811175 0.521484 0.809249 0.521484 0.807322 0.519531
0 0.826590 0.500000 0.820809 0.505859 0.820809 0.507812 0.818882 0.509766 0.818882 0.511719 0.816956 0.513672 0.816956 0.527344 0.818882 0.529297 0.818882 0.531250 0.820809 0.531250 0.822736 0.533203 0.822736 0.535156 0.824663 0.537109 0.824663 0.539062 0.826590 0.541016 0.828516 0.541016 0.830443 0.542969 0.838150 0.542969 0.842004 0.539062 0.843931 0.539062 0.845857 0.537109 0.845857 0.533203 0.849711 0.529297 0.849711 0.513672 0.847784 0.511719 0.847784 0.509766 0.845857 0.507812 0.845857 0.505859 0.843931 0.503906 0.842004 0.503906 0.840077 0.501953 0.838150 0.501953 0.836224 0.500000
0 0.579961 0.666016 0.578035 0.667969 0.576108 0.667969 0.574181 0.669922 0.574181 0.673828 0.572254 0.675781 0.572254 0.691406 0.574181 0.693359 0.574181 0.697266 0.578035 0.697266 0.579961 0.699219 0.581888 0.699219 0.583815 0.701172 0.591522 0.701172 0.593449 0.699219 0.595376 0.699219 0.597303 0.697266 0.599229 0.697266 0.601156 0.695312 0.601156 0.687500 0.603083 0.685547 0.603083 0.683594 0.601156 0.681641 0.601156 0.675781 0.599229 0.673828 0.599229 0.671875 0.593449 0.666016
0 0.616570 0.658203 0.614644 0.660156 0.610790 0.660156 0.608863 0.662109 0.606936 0.662109 0.605010 0.664062 0.605010 0.666016 0.603083 0.667969 0.603083 0.679688 0.605010 0.681641 0.605010 0.687500 0.606936 0.689453 0.606936 0.691406 0.608863 0.693359 0.608863 0.695312 0.612717 0.695312 0.614644 0.697266 0.624277 0.697266 0.626204 0.695312 0.628131 0.695312 0.631985 0.691406 0.631985 0.689453 0.633911 0.687500 0.633911 0.675781 0.631985 0.673828 0.631985 0.669922 0.630058 0.667969 0.630058 0.664062 0.628131 0.662109 0.626204 0.662109 0.624277 0.660156 0.618497 0.660156
0 0.647399 0.642578 0.643545 0.646484 0.641618 0.646484 0.639692 0.648438 0.635838 0.648438 0.633911 0.650391 0.633911 0.660156 0.631985 0.662109 0.633911 0.664062 0.633911 0.673828 0.635838 0.675781 0.637765 0.675781 0.639692 0.677734 0.639692 0.679688 0.643545 0.683594 0.653179 0.683594 0.655106 0.681641 0.658960 0.681641 0.660886 0.679688 0.660886 0.677734 0.662813 0.675781 0.662813 0.662109 0.660886 0.660156 0.660886 0.656250 0.658960 0.654297 0.658960 0.650391 0.653179 0.644531 0.651252 0.644531 0.649326 0.642578
0 0.676301 0.626953 0.674374 0.628906 0.668593 0.628906 0.666667 0.630859 0.666667 0.632812 0.660886 0.638672 0.660886 0.654297 0.662813 0.656250 0.662813 0.660156 0.664740 0.662109 0.664740 0.664062 0.666667 0.666016 0.666667 0.669922 0.672447 0.669922 0.676301 0.673828 0.682081 0.673828 0.684008 0.671875 0.685934 0.671875 0.691715 0.666016 0.691715 0.664062 0.695568 0.660156 0.695568 0.636719 0.693642 0.634766 0.693642 0.632812 0.689788 0.628906 0.687861 0.628906 0.685934 0.626953
0 0.709056 0.611328 0.707129 0.613281 0.701349 0.613281 0.701349 0.615234 0.699422 0.617188 0.699422 0.619141 0.697495 0.621094 0.695568 0.621094 0.695568 0.623047 0.693642 0.625000 0.693642 0.630859 0.695568 0.632812 0.695568 0.634766 0.697495 0.636719 0.697495 0.638672 0.701349 0.642578 0.701349 0.644531 0.703276 0.646484 0.714836 0.646484 0.718690 0.642578 0.720617 0.642578 0.722543 0.640625 0.722543 0.636719 0.724470 0.634766 0.724470 0.625000 0.722543 0.623047 0.722543 0.621094 0.720617 0.619141 0.720617 0.617188 0.718690 0.615234 0.718690 0.613281 0.714836 0.613281 0.712909 0.611328
0 0.728324 0.595703 0.726397 0.597656 0.726397 0.599609 0.720617 0.605469 0.720617 0.615234 0.722543 0.617188 0.722543 0.619141 0.726397 0.623047 0.726397 0.626953 0.728324 0.628906 0.730250 0.628906 0.732177 0.630859 0.743738 0.630859 0.745665 0.628906 0.745665 0.626953 0.751445 0.621094 0.753372 0.621094 0.753372 0.611328 0.751445 0.609375 0.751445 0.607422 0.749518 0.605469 0.749518 0.603516 0.745665 0.599609 0.745665 0.597656 0.743738 0.595703
0 0.763006 0.578125 0.757225 0.583984 0.755299 0.583984 0.755299 0.589844 0.753372 0.591797 0.753372 0.599609 0.751445 0.601562 0.751445 0.603516 0.753372 0.605469 0.753372 0.607422 0.755299 0.609375 0.755299 0.613281 0.759152 0.613281 0.761079 0.615234 0.768786 0.615234 0.770713 0.613281 0.774566 0.613281 0.778420 0.609375 0.778420 0.607422 0.782274 0.603516 0.782274 0.587891 0.780347 0.585938 0.780347 0.583984 0.778420 0.583984 0.776493 0.582031 0.774566 0.582031 0.772640 0.580078 0.766859 0.580078 0.764933 0.578125
0 0.793834 0.562500 0.788054 0.568359 0.786127 0.568359 0.786127 0.570312 0.784200 0.572266 0.784200 0.574219 0.782274 0.576172 0.782274 0.585938 0.786127 0.589844 0.786127 0.593750 0.788054 0.593750 0.789981 0.595703 0.805395 0.595703 0.807322 0.593750 0.809249 0.593750 0.813102 0.589844 0.813102 0.587891 0.815029 0.585938 0.815029 0.580078 0.813102 0.578125 0.813102 0.568359 0.811175 0.568359 0.805395 0.562500
0 0.822736 0.548828 0.816956 0.554688 0.816956 0.556641 0.815029 0.558594 0.815029 0.578125 0.816956 0.578125 0.818882 0.580078 0.820809 0.580078 0.824663 0.583984 0.832370 0.583984 0.834297 0.585938 0.836224 0.583984 0.838150 0.583984 0.840077 0.582031 0.842004 0.582031 0.843931 0.580078 0.843931 0.578125 0.847784 0.574219 0.847784 0.570312 0.849711 0.568359 0.849711 0.564453 0.847784 0.562500 0.847784 0.558594 0.843931 0.554688 0.843931 0.552734 0.840077 0.548828
0 0.610790 0.701172 0.610790 0.703125 0.606936 0.707031 0.606936 0.708984 0.605010 0.710938 0.605010 0.720703 0.606936 0.722656 0.606936 0.724609 0.610790 0.728516 0.614644 0.728516 0.616570 0.730469 0.628131 0.730469 0.630058 0.728516 0.630058 0.724609 0.631985 0.722656 0.631985 0.710938 0.630058 0.708984 0.630058 0.707031 0.628131 0.705078 0.626204 0.705078 0.624277 0.703125 0.622351 0.703125 0.620424 0.701172
0 0.637765 0.689453 0.635838 0.691406 0.635838 0.695312 0.631985 0.699219 0.631985 0.701172 0.630058 0.703125 0.630058 0.705078 0.631985 0.707031 0.631985 0.708984 0.633911 0.710938 0.633911 0.718750 0.639692 0.724609 0.653179 0.724609 0.662813 0.714844 0.662813 0.710938 0.664740 0.708984 0.664740 0.705078 0.662813 0.703125 0.662813 0.701172 0.660886 0.699219 0.660886 0.695312 0.658960 0.693359 0.658960 0.691406 0.657033 0.689453
0 0.670520 0.675781 0.668593 0.677734 0.666667 0.677734 0.666667 0.679688 0.662813 0.683594 0.662813 0.699219 0.664740 0.701172 0.664740 0.703125 0.666667 0.705078 0.666667 0.708984 0.668593 0.708984 0.670520 0.710938 0.674374 0.710938 0.676301 0.712891 0.678227 0.710938 0.684008 0.710938 0.684008 0.708984 0.687861 0.705078 0.687861 0.691406 0.685934 0.689453 0.685934 0.683594 0.684008 0.681641 0.684008 0.679688 0.682081 0.677734 0.680154 0.677734 0.678227 0.675781
0 0.699422 0.660156 0.695568 0.664062 0.693642 0.664062 0.693642 0.667969 0.691715 0.669922 0.691715 0.671875 0.687861 0.675781 0.687861 0.679688 0.689788 0.681641 0.689788 0.689453 0.695568 0.695312 0.701349 0.695312 0.703276 0.697266 0.710983 0.697266 0.712909 0.695312 0.714836 0.695312 0.718690 0.691406 0.720617 0.691406 0.720617 0.681641 0.722543 0.679688 0.720617 0.677734 0.720617 0.673828 0.714836 0.667969 0.714836 0.666016 0.710983 0.662109 0.710983 0.660156
0 0.726397 0.638672 0.720617 0.644531 0.718690 0.644531 0.716763 0.646484 0.716763 0.652344 0.714836 0.654297 0.714836 0.664062 0.716763 0.666016 0.716763 0.667969 0.726397 0.677734 0.728324 0.677734 0.730250 0.675781 0.739884 0.675781 0.743738 0.671875 0.743738 0.669922 0.747592 0.666016 0.747592 0.652344 0.745665 0.650391 0.745665 0.648438 0.743738 0.646484 0.743738 0.642578 0.739884 0.638672
0 0.755299 0.621094 0.753372 0.623047 0.751445 0.623047 0.747592 0.626953 0.747592 0.628906 0.745665 0.630859 0.745665 0.646484 0.747592 0.648438 0.747592 0.650391 0.753372 0.656250 0.753372 0.658203 0.755299 0.658203 0.757225 0.660156 0.766859 0.660156 0.768786 0.658203 0.770713 0.658203 0.772640 0.656250 0.772640 0.654297 0.774566 0.652344 0.776493 0.652344 0.778420 0.650391 0.778420 0.632812 0.774566 0.628906 0.774566 0.626953 0.770713 0.623047 0.768786 0.623047 0.766859 0.621094
0 0.786127 0.603516 0.784200 0.605469 0.784200 0.607422 0.778420 0.613281 0.778420 0.615234 0.776493 0.617188 0.776493 0.623047 0.778420 0.625000 0.778420 0.630859 0.784200 0.636719 0.784200 0.638672 0.786127 0.640625 0.789981 0.640625 0.791908 0.642578 0.799615 0.642578 0.809249 0.632812 0.809249 0.619141 0.807322 0.617188 0.807322 0.615234 0.801541 0.609375 0.801541 0.607422 0.799615 0.607422 0.797688 0.605469 0.795761 0.605469 0.793834 0.603516
0 0.820809 0.587891 0.818882 0.589844 0.815029 0.589844 0.807322 0.597656 0.807322 0.601562 0.805395 0.603516 0.805395 0.605469 0.803468 0.607422 0.805395 0.609375 0.805395 0.611328 0.809249 0.615234 0.809249 0.617188 0.811175 0.619141 0.811175 0.621094 0.813102 0.623047 0.816956 0.623047 0.818882 0.625000 0.830443 0.625000 0.834297 0.621094 0.836224 0.621094 0.838150 0.619141 0.838150 0.617188 0.840077 0.615234 0.840077 0.609375 0.838150 0.607422 0.838150 0.605469 0.836224 0.603516 0.836224 0.593750 0.834297 0.591797 0.834297 0.589844 0.832370 0.589844 0.830443 0.587891
0 0.847784 0.580078 0.843931 0.583984 0.843931 0.585938 0.842004 0.587891 0.840077 0.587891 0.840077 0.589844 0.838150 0.591797 0.838150 0.603516 0.840077 0.605469 0.840077 0.607422 0.843931 0.611328 0.843931 0.613281 0.845857 0.615234 0.851638 0.615234 0.853565 0.617188 0.855491 0.617188 0.857418 0.615234 0.863198 0.615234 0.865125 0.613281 0.865125 0.609375 0.868979 0.605469 0.868979 0.593750 0.865125 0.589844 0.865125 0.587891 0.861272 0.583984 0.861272 0.582031 0.859345 0.580078
0 0.593449 0.841797 0.591522 0.843750 0.589595 0.843750 0.585742 0.847656 0.585742 0.849609 0.583815 0.851562 0.583815 0.853516 0.581888 0.855469 0.581888 0.857422 0.579961 0.859375 0.579961 0.861328 0.581888 0.863281 0.581888 0.873047 0.593449 0.884766 0.610790 0.884766 0.616570 0.878906 0.618497 0.878906 0.620424 0.876953 0.620424 0.867188 0.622351 0.865234 0.622351 0.855469 0.620424 0.853516 0.620424 0.851562 0.612717 0.843750 0.610790 0.843750 0.608863 0.841797
0 0.635838 0.728516 0.628131 0.736328 0.628131 0.738281 0.626204 0.740234 0.626204 0.746094 0.628131 0.748047 0.628131 0.753906 0.635838 0.761719 0.649326 0.761719 0.657033 0.753906 0.657033 0.742188 0.655106 0.740234 0.655106 0.736328 0.647399 0.728516
0 0.662813 0.716797 0.655106 0.724609 0.655106 0.734375 0.657033 0.736328 0.657033 0.740234 0.660886 0.744141 0.660886 0.746094 0.662813 0.748047 0.674374 0.748047 0.676301 0.746094 0.680154 0.746094 0.682081 0.744141 0.684008 0.744141 0.684008 0.740234 0.685934 0.738281 0.685934 0.734375 0.684008 0.732422 0.684008 0.726562 0.682081 0.724609 0.682081 0.720703 0.680154 0.720703 0.678227 0.718750 0.674374 0.718750 0.672447 0.716797
0 0.695568 0.703125 0.691715 0.707031 0.689788 0.707031 0.687861 0.708984 0.685934 0.708984 0.685934 0.718750 0.684008 0.720703 0.684008 0.724609 0.685934 0.726562 0.685934 0.732422 0.691715 0.738281 0.710983 0.738281 0.712909 0.736328 0.712909 0.734375 0.714836 0.732422 0.714836 0.730469 0.716763 0.728516 0.716763 0.724609 0.718690 0.722656 0.718690 0.720703 0.716763 0.718750 0.716763 0.716797 0.714836 0.714844 0.714836 0.710938 0.712909 0.708984 0.712909 0.705078 0.710983 0.703125
0 0.726397 0.687500 0.726397 0.689453 0.722543 0.693359 0.720617 0.693359 0.718690 0.695312 0.718690 0.697266 0.716763 0.699219 0.716763 0.714844 0.720617 0.718750 0.720617 0.720703 0.722543 0.720703 0.724470 0.722656 0.737958 0.722656 0.739884 0.720703 0.741811 0.720703 0.741811 0.714844 0.745665 0.710938 0.745665 0.701172 0.743738 0.699219 0.743738 0.697266 0.739884 0.693359 0.739884 0.691406 0.736031 0.687500
0 0.749518 0.667969 0.743738 0.673828 0.743738 0.675781 0.739884 0.679688 0.739884 0.689453 0.741811 0.691406 0.741811 0.693359 0.745665 0.697266 0.745665 0.699219 0.749518 0.703125 0.749518 0.705078 0.766859 0.705078 0.776493 0.695312 0.776493 0.683594 0.774566 0.681641 0.774566 0.679688 0.772640 0.677734 0.772640 0.675781 0.770713 0.673828 0.770713 0.671875 0.768786 0.669922 0.768786 0.667969
0 0.786127 0.648438 0.780347 0.654297 0.778420 0.654297 0.778420 0.656250 0.774566 0.660156 0.774566 0.677734 0.776493 0.679688 0.776493 0.681641 0.780347 0.685547 0.782274 0.685547 0.784200 0.687500 0.786127 0.687500 0.788054 0.689453 0.791908 0.689453 0.793834 0.687500 0.801541 0.687500 0.803468 0.685547 0.805395 0.685547 0.805395 0.683594 0.811175 0.677734 0.811175 0.667969 0.809249 0.666016 0.809249 0.664062 0.807322 0.662109 0.807322 0.658203 0.799615 0.650391 0.793834 0.650391 0.791908 0.648438
0 0.816956 0.632812 0.815029 0.634766 0.813102 0.634766 0.811175 0.636719 0.809249 0.636719 0.809249 0.638672 0.807322 0.640625 0.807322 0.644531 0.805395 0.646484 0.805395 0.652344 0.807322 0.654297 0.807322 0.656250 0.809249 0.658203 0.809249 0.662109 0.816956 0.669922 0.816956 0.671875 0.824663 0.671875 0.826590 0.669922 0.828516 0.669922 0.832370 0.666016 0.832370 0.664062 0.836224 0.660156 0.836224 0.648438 0.834297 0.646484 0.834297 0.644531 0.832370 0.642578 0.832370 0.640625 0.826590 0.634766 0.822736 0.634766 0.820809 0.632812
0 0.843931 0.619141 0.842004 0.621094 0.840077 0.621094 0.836224 0.625000 0.836224 0.626953 0.834297 0.628906 0.834297 0.640625 0.836224 0.642578 0.836224 0.646484 0.838150 0.648438 0.838150 0.650391 0.840077 0.650391 0.842004 0.652344 0.857418 0.652344 0.859345 0.650391 0.859345 0.646484 0.863198 0.642578 0.863198 0.636719 0.865125 0.634766 0.865125 0.632812 0.863198 0.630859 0.863198 0.626953 0.861272 0.625000 0.859345 0.625000 0.857418 0.623047 0.857418 0.621094 0.855491 0.621094 0.853565 0.619141
0 0.660886 0.753906 0.658960 0.755859 0.657033 0.755859 0.653179 0.759766 0.653179 0.769531 0.655106 0.771484 0.655106 0.775391 0.657033 0.775391 0.658960 0.777344 0.658960 0.779297 0.664740 0.785156 0.670520 0.785156 0.672447 0.783203 0.674374 0.783203 0.676301 0.781250 0.676301 0.779297 0.678227 0.777344 0.678227 0.767578 0.674374 0.763672 0.674374 0.761719 0.672447 0.759766 0.672447 0.755859 0.670520 0.753906
0 0.697495 0.742188 0.695568 0.744141 0.685934 0.744141 0.684008 0.746094 0.682081 0.746094 0.680154 0.748047 0.680154 0.751953 0.678227 0.753906 0.678227 0.763672 0.680154 0.765625 0.680154 0.771484 0.682081 0.773438 0.682081 0.775391 0.687861 0.781250 0.693642 0.781250 0.695568 0.783203 0.697495 0.783203 0.699422 0.781250 0.703276 0.781250 0.705202 0.779297 0.705202 0.777344 0.709056 0.773438 0.709056 0.769531 0.710983 0.767578 0.710983 0.757812 0.709056 0.755859 0.709056 0.751953 0.707129 0.750000 0.707129 0.748047 0.705202 0.746094 0.705202 0.744141 0.699422 0.744141
0 0.720617 0.730469 0.710983 0.740234 0.710983 0.755859 0.712909 0.757812 0.712909 0.759766 0.716763 0.759766 0.720617 0.763672 0.726397 0.763672 0.728324 0.765625 0.732177 0.765625 0.734104 0.763672 0.736031 0.763672 0.736031 0.761719 0.737958 0.759766 0.739884 0.759766 0.739884 0.757812 0.741811 0.755859 0.741811 0.751953 0.743738 0.750000 0.743738 0.746094 0.741811 0.744141 0.741811 0.742188 0.739884 0.740234 0.739884 0.738281 0.737958 0.736328 0.737958 0.734375 0.734104 0.730469
0 0.747592 0.710938 0.743738 0.714844 0.743738 0.720703 0.741811 0.722656 0.741811 0.726562 0.739884 0.728516 0.739884 0.736328 0.741811 0.738281 0.741811 0.740234 0.743738 0.742188 0.743738 0.744141 0.745665 0.746094 0.745665 0.748047 0.747592 0.748047 0.749518 0.750000 0.763006 0.750000 0.768786 0.744141 0.768786 0.742188 0.770713 0.740234 0.770713 0.736328 0.772640 0.734375 0.772640 0.730469 0.770713 0.728516 0.770713 0.722656 0.766859 0.718750 0.766859 0.714844 0.764933 0.712891 0.764933 0.710938
0 0.782274 0.693359 0.778420 0.697266 0.776493 0.697266 0.770713 0.703125 0.770713 0.708984 0.768786 0.710938 0.768786 0.714844 0.770713 0.716797 0.770713 0.720703 0.772640 0.722656 0.772640 0.728516 0.778420 0.728516 0.782274 0.732422 0.788054 0.732422 0.789981 0.730469 0.791908 0.730469 0.793834 0.728516 0.795761 0.728516 0.797688 0.726562 0.797688 0.724609 0.799615 0.722656 0.799615 0.701172 0.797688 0.699219 0.797688 0.697266 0.795761 0.697266 0.791908 0.693359
0 0.820809 0.677734 0.818882 0.679688 0.811175 0.679688 0.807322 0.683594 0.807322 0.685547 0.803468 0.689453 0.803468 0.691406 0.801541 0.693359 0.801541 0.701172 0.803468 0.703125 0.803468 0.707031 0.805395 0.708984 0.805395 0.710938 0.807322 0.712891 0.807322 0.714844 0.824663 0.714844 0.824663 0.712891 0.832370 0.705078 0.834297 0.705078 0.834297 0.693359 0.832370 0.691406 0.832370 0.685547 0.830443 0.683594 0.830443 0.681641 0.828516 0.679688 0.826590 0.679688 0.824663 0.677734
0 0.842004 0.658203 0.838150 0.662109 0.836224 0.662109 0.834297 0.664062 0.834297 0.667969 0.832370 0.669922 0.830443 0.669922 0.830443 0.679688 0.832370 0.681641 0.832370 0.683594 0.834297 0.685547 0.834297 0.691406 0.836224 0.693359 0.836224 0.695312 0.838150 0.695312 0.840077 0.697266 0.855491 0.697266 0.857418 0.695312 0.859345 0.695312 0.859345 0.693359 0.861272 0.691406 0.861272 0.667969 0.859345 0.666016 0.859345 0.664062 0.855491 0.660156 0.851638 0.660156 0.849711 0.658203
0 0.718690 0.767578 0.716763 0.769531 0.710983 0.769531 0.710983 0.773438 0.707129 0.777344 0.707129 0.798828 0.710983 0.802734 0.712909 0.802734 0.714836 0.804688 0.714836 0.806641 0.732177 0.806641 0.732177 0.804688 0.739884 0.796875 0.739884 0.791016 0.741811 0.789062 0.741811 0.785156 0.739884 0.783203 0.739884 0.777344 0.732177 0.769531 0.730250 0.769531 0.728324 0.767578
0 0.745665 0.755859 0.745665 0.757812 0.741811 0.761719 0.741811 0.777344 0.743738 0.779297 0.743738 0.781250 0.745665 0.783203 0.749518 0.783203 0.751445 0.785156 0.751445 0.787109 0.753372 0.785156 0.757225 0.785156 0.759152 0.783203 0.761079 0.783203 0.763006 0.781250 0.763006 0.777344 0.764933 0.775391 0.764933 0.773438 0.766859 0.771484 0.764933 0.769531 0.764933 0.763672 0.763006 0.761719 0.763006 0.757812 0.761079 0.755859
0 0.778420 0.736328 0.776493 0.738281 0.774566 0.738281 0.774566 0.740234 0.770713 0.744141 0.770713 0.748047 0.768786 0.750000 0.768786 0.763672 0.770713 0.765625 0.770713 0.767578 0.772640 0.767578 0.774566 0.769531 0.778420 0.769531 0.780347 0.771484 0.786127 0.771484 0.789981 0.767578 0.791908 0.767578 0.793834 0.765625 0.795761 0.765625 0.799615 0.761719 0.799615 0.751953 0.797688 0.750000 0.797688 0.740234 0.795761 0.738281 0.793834 0.738281 0.791908 0.736328
0 0.809249 0.718750 0.807322 0.720703 0.805395 0.720703 0.803468 0.722656 0.801541 0.722656 0.799615 0.724609 0.799615 0.750000 0.803468 0.750000 0.809249 0.755859 0.818882 0.755859 0.824663 0.750000 0.826590 0.750000 0.826590 0.748047 0.828516 0.746094 0.828516 0.730469 0.826590 0.728516 0.826590 0.726562 0.824663 0.724609 0.824663 0.722656 0.820809 0.718750
0 0.840077 0.703125 0.838150 0.705078 0.836224 0.705078 0.834297 0.707031 0.832370 0.707031 0.830443 0.708984 0.830443 0.714844 0.828516 0.716797 0.828516 0.726562 0.830443 0.728516 0.830443 0.738281 0.836224 0.738281 0.840077 0.742188 0.851638 0.742188 0.855491 0.738281 0.857418 0.738281 0.859345 0.736328 0.859345 0.710938 0.855491 0.707031 0.855491 0.705078 0.853565 0.705078 0.851638 0.703125
0 0.772640 0.775391 0.770713 0.777344 0.768786 0.777344 0.766859 0.779297 0.766859 0.787109 0.764933 0.789062 0.764933 0.794922 0.766859 0.796875 0.766859 0.802734 0.768786 0.804688 0.774566 0.804688 0.776493 0.806641 0.784200 0.806641 0.791908 0.798828 0.791908 0.787109 0.789981 0.785156 0.789981 0.779297 0.788054 0.777344 0.786127 0.777344 0.784200 0.775391
0 0.805395 0.763672 0.803468 0.765625 0.797688 0.765625 0.795761 0.767578 0.795761 0.769531 0.791908 0.773438 0.791908 0.785156 0.793834 0.787109 0.793834 0.789062 0.795761 0.791016 0.795761 0.792969 0.797688 0.792969 0.801541 0.796875 0.815029 0.796875 0.815029 0.794922 0.816956 0.792969 0.818882 0.792969 0.818882 0.791016 0.820809 0.789062 0.820809 0.769531 0.815029 0.763672
0 0.842004 0.746094 0.840077 0.748047 0.828516 0.748047 0.828516 0.750000 0.824663 0.753906 0.824663 0.755859 0.822736 0.757812 0.822736 0.773438 0.824663 0.775391 0.824663 0.781250 0.830443 0.787109 0.840077 0.787109 0.842004 0.785156 0.847784 0.785156 0.847784 0.783203 0.849711 0.781250 0.849711 0.777344 0.851638 0.775391 0.851638 0.773438 0.853565 0.771484 0.853565 0.757812 0.851638 0.755859 0.851638 0.753906 0.847784 0.750000 0.847784 0.748047 0.845857 0.748047 0.843931 0.746094