0 0.000000 0.000000 0.000000 0.001953 0.001558 0.003906 0.001558 0.019531 0.003115 0.021484 0.003115 0.023438 0.004673 0.025391 0.004673 0.029297 0.006231 0.031250 0.006231 0.033203 0.009346 0.037109 0.017134 0.037109 0.018692 0.035156 0.021807 0.035156 0.024922 0.031250 0.026480 0.031250 0.028037 0.029297 0.029595 0.029297 0.031153 0.027344 0.031153 0.025391 0.037383 0.017578 0.037383 0.013672 0.040498 0.009766 0.038941 0.007812 0.038941 0.000000
0 0.076324 0.000000 0.076324 0.017578 0.077882 0.017578 0.079439 0.019531 0.093458 0.019531 0.095016 0.021484 0.096573 0.021484 0.098131 0.019531 0.104361 0.019531 0.107477 0.023438 0.110592 0.023438 0.112150 0.025391 0.113707 0.025391 0.113707 0.000000
0 0.048287 0.107422 0.046729 0.109375 0.045171 0.109375 0.045171 0.156250 0.059190 0.156250 0.060748 0.158203 0.080997 0.158203 0.082555 0.160156 0.085670 0.160156 0.085670 0.109375 0.084112 0.107422
0 0.260125 0.000000 0.260125 0.009766 0.258567 0.011719 0.258567 0.025391 0.257009 0.027344 0.257009 0.035156 0.258567 0.037109 0.258567 0.039062 0.260125 0.041016 0.260125 0.044922 0.261682 0.044922 0.263240 0.046875 0.277259 0.046875 0.278816 0.044922 0.292835 0.044922 0.294393 0.042969 0.300623 0.042969 0.302181 0.041016 0.305296 0.041016 0.306854 0.039062 0.306854 0.035156 0.308411 0.033203 0.308411 0.013672 0.306854 0.011719 0.306854 0.007812 0.303738 0.003906 0.303738 0.001953 0.302181 0.000000
0 0.350467 0.000000 0.348910 0.001953 0.348910 0.003906 0.345794 0.007812 0.345794 0.013672 0.348910 0.017578 0.348910 0.019531 0.350467 0.019531 0.355140 0.025391 0.358255 0.025391 0.361371 0.029297 0.361371 0.031250 0.362928 0.033203 0.364486 0.033203 0.367601 0.037109 0.370717 0.037109 0.372274 0.039062 0.373832 0.037109 0.376947 0.037109 0.383178 0.029297 0.383178 0.027344 0.390966 0.017578 0.390966 0.013672 0.395639 0.007812 0.395639 0.005859 0.398754 0.001953 0.398754 0.000000
0 0.506231 0.000000 0.504673 0.001953 0.504673 0.019531 0.506231 0.021484 0.506231 0.023438 0.507788 0.023438 0.509346 0.025391 0.512461 0.025391 0.514019 0.027344 0.518692 0.027344 0.520249 0.029297 0.534268 0.029297 0.537383 0.025391 0.538941 0.025391 0.542056 0.021484 0.542056 0.007812 0.543614 0.005859 0.543614 0.000000
0 0.548287 0.000000 0.546729 0.001953 0.546729 0.005859 0.549844 0.009766 0.549844 0.015625 0.554517 0.021484 0.554517 0.023438 0.557632 0.027344 0.557632 0.029297 0.559190 0.031250 0.559190 0.033203 0.562305 0.037109 0.571651 0.037109 0.574766 0.033203 0.576324 0.033203 0.579439 0.029297 0.580997 0.029297 0.582555 0.027344 0.585670 0.027344 0.593458 0.017578 0.593458 0.015625 0.595016 0.013672 0.595016 0.007812 0.593458 0.005859 0.593458 0.003906 0.590343 0.000000
0 0.996885 0.017578 0.995327 0.019531 0.993769 0.019531 0.992212 0.021484 0.992212 0.023438 0.989097 0.027344 0.987539 0.027344 0.985981 0.029297 0.985981 0.031250 0.982866 0.035156 0.982866 0.037109 0.979751 0.041016 0.979751 0.058594 0.981308 0.060547 0.981308 0.062500 0.982866 0.062500 0.984424 0.064453 0.984424 0.066406 0.985981 0.068359 0.985981 0.070312 0.987539 0.070312 0.995327 0.080078 0.998442 0.080078 0.998442 0.017578
0 0.995327 0.246094 0.993769 0.248047 0.992212 0.248047 0.990654 0.250000 0.987539 0.250000 0.985981 0.251953 0.984424 0.251953 0.982866 0.253906 0.982866 0.263672 0.984424 0.265625 0.984424 0.267578 0.985981 0.269531 0.985981 0.271484 0.987539 0.273438 0.987539 0.277344 0.989097 0.279297 0.989097 0.281250 0.990654 0.283203 0.990654 0.285156 0.995327 0.291016 0.995327 0.294922 0.998442 0.298828 0.998442 0.300781 0.998442 0.246094
0 0.976636 0.767578 0.976636 0.769531 0.971963 0.775391 0.971963 0.779297 0.968847 0.783203 0.968847 0.785156 0.967290 0.787109 0.967290 0.789062 0.965732 0.791016 0.965732 0.794922 0.961059 0.800781 0.961059 0.802734 0.959502 0.804688 0.959502 0.806641 0.957944 0.808594 0.957944 0.810547 0.959502 0.812500 0.959502 0.816406 0.964174 0.816406 0.965732 0.818359 0.965732 0.820312 0.967290 0.820312 0.968847 0.822266 0.970405 0.822266 0.973520 0.826172 0.976636 0.826172 0.979751 0.830078 0.981308 0.830078 0.982866 0.832031 0.984424 0.832031 0.985981 0.833984 0.990654 0.833984 0.992212 0.835938 0.995327 0.835938 0.998442 0.832031 0.998442 0.781250 0.996885 0.779297 0.995327 0.779297 0.992212 0.775391 0.990654 0.775391 0.989097 0.773438 0.987539 0.773438 0.985981 0.771484 0.985981 0.769531 0.982866 0.769531 0.981308 0.767578
0 0.862928 0.904297 0.861371 0.906250 0.858255 0.906250 0.856698 0.908203 0.855140 0.908203 0.853583 0.910156 0.852025 0.910156 0.848910 0.914062 0.844237 0.914062 0.841121 0.917969 0.839564 0.917969 0.838006 0.919922 0.836449 0.919922 0.834891 0.921875 0.831776 0.921875 0.828660 0.925781 0.827103 0.925781 0.823988 0.929688 0.823988 0.933594 0.825545 0.935547 0.825545 0.937500 0.827103 0.939453 0.884735 0.939453 0.883178 0.937500 0.883178 0.931641 0.880062 0.927734 0.880062 0.925781 0.878505 0.923828 0.878505 0.921875 0.876947 0.919922 0.876947 0.916016 0.870717 0.908203 0.870717 0.906250 0.869159 0.904297
0 0.018692 0.884766 0.017134 0.886719 0.017134 0.896484 0.018692 0.898438 0.018692 0.910156 0.020249 0.912109 0.020249 0.917969 0.021807 0.919922 0.021807 0.925781 0.023364 0.927734 0.023364 0.931641 0.024922 0.933594 0.024922 0.935547 0.026480 0.937500 0.031153 0.937500 0.032710 0.939453 0.052960 0.939453 0.054517 0.937500 0.056075 0.937500 0.059190 0.933594 0.060748 0.933594 0.060748 0.929688 0.062305 0.927734 0.063863 0.927734 0.063863 0.919922 0.062305 0.917969 0.062305 0.912109 0.060748 0.910156 0.060748 0.890625 0.059190 0.888672 0.059190 0.886719 0.057632 0.884766
0 0.160436 0.712891 0.158879 0.714844 0.157321 0.714844 0.157321 0.718750 0.155763 0.720703 0.155763 0.722656 0.152648 0.726562 0.152648 0.728516 0.149533 0.732422 0.149533 0.738281 0.146417 0.742188 0.146417 0.744141 0.144860 0.746094 0.144860 0.748047 0.143302 0.750000 0.143302 0.761719 0.146417 0.765625 0.147975 0.765625 0.149533 0.767578 0.152648 0.767578 0.154206 0.769531 0.155763 0.769531 0.158879 0.773438 0.160436 0.773438 0.161994 0.775391 0.165109 0.775391 0.166667 0.777344 0.168224 0.777344 0.171340 0.781250 0.172897 0.781250 0.176012 0.785156 0.185358 0.785156 0.186916 0.783203 0.186916 0.781250 0.188474 0.779297 0.188474 0.777344 0.190031 0.775391 0.190031 0.771484 0.191589 0.769531 0.191589 0.767578 0.193146 0.765625 0.193146 0.763672 0.194704 0.761719 0.194704 0.759766 0.196262 0.757812 0.196262 0.751953 0.199377 0.748047 0.199377 0.732422 0.196262 0.728516 0.196262 0.726562 0.194704 0.726562 0.193146 0.724609 0.188474 0.724609 0.186916 0.722656 0.185358 0.722656 0.183801 0.720703 0.182243 0.720703 0.180685 0.718750 0.177570 0.718750 0.176012 0.716797 0.174455 0.716797 0.172897 0.714844 0.166667 0.714844 0.165109 0.712891
0 0.076324 0.626953 0.074766 0.628906 0.062305 0.628906 0.060748 0.630859 0.059190 0.630859 0.056075 0.634766 0.056075 0.646484 0.057632 0.648438 0.057632 0.652344 0.059190 0.654297 0.059190 0.660156 0.060748 0.662109 0.060748 0.675781 0.062305 0.677734 0.062305 0.683594 0.063863 0.685547 0.063863 0.691406 0.065421 0.693359 0.065421 0.695312 0.066978 0.697266 0.073209 0.697266 0.074766 0.695312 0.076324 0.695312 0.077882 0.693359 0.080997 0.693359 0.084112 0.689453 0.088785 0.689453 0.090343 0.687500 0.091900 0.687500 0.095016 0.683594 0.096573 0.683594 0.099688 0.679688 0.099688 0.677734 0.101246 0.675781 0.101246 0.671875 0.102804 0.669922 0.102804 0.666016 0.105919 0.662109 0.105919 0.654297 0.104361 0.652344 0.104361 0.650391 0.101246 0.646484 0.101246 0.644531 0.093458 0.634766 0.093458 0.632812 0.091900 0.630859 0.091900 0.628906 0.085670 0.628906 0.084112 0.626953
0 0.140187 0.455078 0.138629 0.457031 0.133956 0.457031 0.132399 0.458984 0.130841 0.458984 0.127726 0.462891 0.126168 0.462891 0.124611 0.464844 0.121495 0.464844 0.119938 0.466797 0.118380 0.466797 0.116822 0.468750 0.115265 0.468750 0.112150 0.472656 0.109034 0.472656 0.105919 0.476562 0.105919 0.484375 0.107477 0.486328 0.107477 0.492188 0.109034 0.494141 0.109034 0.498047 0.112150 0.501953 0.112150 0.505859 0.115265 0.509766 0.115265 0.515625 0.118380 0.519531 0.118380 0.521484 0.121495 0.525391 0.121495 0.529297 0.129283 0.529297 0.130841 0.527344 0.132399 0.527344 0.133956 0.525391 0.135514 0.525391 0.137072 0.523438 0.141745 0.523438 0.144860 0.519531 0.147975 0.519531 0.151090 0.515625 0.157321 0.515625 0.157321 0.513672 0.160436 0.509766 0.160436 0.503906 0.158879 0.501953 0.158879 0.498047 0.157321 0.496094 0.157321 0.490234 0.155763 0.488281 0.155763 0.486328 0.154206 0.484375 0.154206 0.482422 0.152648 0.480469 0.152648 0.476562 0.151090 0.474609 0.151090 0.472656 0.149533 0.470703 0.149533 0.466797 0.146417 0.462891 0.146417 0.458984 0.144860 0.457031 0.143302 0.457031 0.141745 0.455078
0 0.088785 0.281250 0.087227 0.283203 0.085670 0.283203 0.084112 0.285156 0.082555 0.285156 0.079439 0.289062 0.076324 0.289062 0.073209 0.292969 0.071651 0.292969 0.070093 0.294922 0.068536 0.294922 0.066978 0.296875 0.063863 0.296875 0.060748 0.300781 0.059190 0.300781 0.056075 0.304688 0.056075 0.306641 0.057632 0.308594 0.057632 0.310547 0.062305 0.316406 0.062305 0.320312 0.066978 0.326172 0.066978 0.328125 0.068536 0.330078 0.068536 0.332031 0.070093 0.333984 0.070093 0.335938 0.074766 0.341797 0.074766 0.343750 0.076324 0.345703 0.076324 0.347656 0.082555 0.355469 0.084112 0.355469 0.085670 0.353516 0.091900 0.353516 0.093458 0.351562 0.095016 0.351562 0.095016 0.349609 0.096573 0.347656 0.099688 0.347656 0.107477 0.337891 0.109034 0.337891 0.112150 0.333984 0.113707 0.333984 0.113707 0.332031 0.115265 0.330078 0.115265 0.326172 0.113707 0.324219 0.113707 0.318359 0.112150 0.316406 0.112150 0.310547 0.110592 0.308594 0.110592 0.302734 0.109034 0.300781 0.109034 0.294922 0.107477 0.292969 0.107477 0.291016 0.105919 0.289062 0.104361 0.289062 0.102804 0.287109 0.101246 0.287109 0.099688 0.285156 0.098131 0.285156 0.095016 0.281250
0 0.045171 0.205078 0.042056 0.208984 0.042056 0.212891 0.040498 0.214844 0.040498 0.216797 0.038941 0.218750 0.038941 0.226562 0.037383 0.228516 0.037383 0.232422 0.035826 0.234375 0.035826 0.236328 0.034268 0.238281 0.034268 0.242188 0.032710 0.244141 0.032710 0.255859 0.037383 0.261719 0.042056 0.261719 0.043614 0.263672 0.045171 0.263672 0.046729 0.265625 0.048287 0.265625 0.049844 0.267578 0.051402 0.267578 0.052960 0.269531 0.066978 0.269531 0.066978 0.267578 0.074766 0.257812 0.074766 0.253906 0.076324 0.251953 0.077882 0.251953 0.077882 0.232422 0.076324 0.230469 0.076324 0.218750 0.074766 0.216797 0.074766 0.214844 0.071651 0.214844 0.070093 0.212891 0.068536 0.212891 0.066978 0.210938 0.065421 0.210938 0.063863 0.208984 0.056075 0.208984 0.054517 0.207031 0.054517 0.205078
0 0.401869 0.140625 0.400312 0.142578 0.395639 0.142578 0.394081 0.144531 0.384735 0.144531 0.383178 0.146484 0.378505 0.146484 0.376947 0.148438 0.373832 0.148438 0.372274 0.150391 0.370717 0.150391 0.369159 0.152344 0.367601 0.152344 0.366044 0.154297 0.364486 0.154297 0.364486 0.160156 0.362928 0.162109 0.362928 0.166016 0.364486 0.167969 0.364486 0.177734 0.366044 0.179688 0.366044 0.183594 0.367601 0.185547 0.367601 0.189453 0.370717 0.193359 0.370717 0.197266 0.372274 0.199219 0.372274 0.201172 0.376947 0.201172 0.378505 0.203125 0.383178 0.203125 0.384735 0.205078 0.398754 0.205078 0.401869 0.201172 0.403427 0.201172 0.406542 0.197266 0.409657 0.197266 0.411215 0.195312 0.412773 0.195312 0.412773 0.193359 0.415888 0.189453 0.417445 0.189453 0.419003 0.187500 0.419003 0.167969 0.417445 0.166016 0.417445 0.156250 0.415888 0.154297 0.415888 0.152344 0.414330 0.150391 0.414330 0.144531 0.412773 0.142578 0.408100 0.142578 0.406542 0.140625
0 0.528037 0.050781 0.526480 0.052734 0.524922 0.052734 0.523364 0.054688 0.521807 0.054688 0.520249 0.056641 0.518692 0.056641 0.515576 0.060547 0.514019 0.060547 0.514019 0.062500 0.512461 0.064453 0.509346 0.064453 0.507788 0.066406 0.507788 0.070312 0.504673 0.074219 0.504673 0.085938 0.506231 0.087891 0.506231 0.089844 0.507788 0.091797 0.507788 0.093750 0.509346 0.095703 0.509346 0.097656 0.510903 0.099609 0.512461 0.099609 0.514019 0.101562 0.514019 0.105469 0.518692 0.111328 0.518692 0.113281 0.520249 0.113281 0.521807 0.115234 0.534268 0.115234 0.537383 0.111328 0.538941 0.111328 0.542056 0.107422 0.543614 0.107422 0.545171 0.105469 0.546729 0.105469 0.551402 0.099609 0.554517 0.099609 0.554517 0.097656 0.556075 0.095703 0.557632 0.095703 0.562305 0.089844 0.563863 0.089844 0.563863 0.082031 0.560748 0.078125 0.560748 0.076172 0.557632 0.072266 0.556075 0.072266 0.554517 0.070312 0.554517 0.068359 0.552960 0.068359 0.549844 0.064453 0.548287 0.064453 0.546729 0.062500 0.546729 0.060547 0.543614 0.056641 0.542056 0.056641 0.540498 0.054688 0.538941 0.054688 0.537383 0.052734 0.535826 0.052734 0.534268 0.050781
0 0.514019 0.226562 0.509346 0.232422 0.509346 0.234375 0.504673 0.240234 0.503115 0.240234 0.503115 0.242188 0.496885 0.250000 0.496885 0.251953 0.495327 0.253906 0.495327 0.255859 0.493769 0.257812 0.493769 0.259766 0.495327 0.261719 0.495327 0.265625 0.496885 0.265625 0.498442 0.267578 0.500000 0.267578 0.503115 0.271484 0.504673 0.271484 0.507788 0.275391 0.510903 0.275391 0.514019 0.279297 0.515576 0.279297 0.518692 0.283203 0.521807 0.283203 0.523364 0.285156 0.529595 0.285156 0.531153 0.283203 0.532710 0.283203 0.535826 0.279297 0.535826 0.277344 0.538941 0.273438 0.538941 0.267578 0.540498 0.265625 0.540498 0.259766 0.542056 0.257812 0.542056 0.248047 0.540498 0.246094 0.540498 0.242188 0.537383 0.238281 0.537383 0.236328 0.529595 0.226562
0 0.440810 0.347656 0.439252 0.349609 0.434579 0.349609 0.434579 0.353516 0.429907 0.359375 0.429907 0.361328 0.428349 0.363281 0.428349 0.365234 0.426791 0.367188 0.426791 0.369141 0.425234 0.371094 0.425234 0.373047 0.422118 0.376953 0.422118 0.378906 0.420561 0.380859 0.420561 0.384766 0.419003 0.386719 0.419003 0.394531 0.420561 0.396484 0.420561 0.400391 0.422118 0.402344 0.426791 0.402344 0.428349 0.404297 0.428349 0.406250 0.429907 0.406250 0.433022 0.410156 0.434579 0.410156 0.436137 0.412109 0.437695 0.412109 0.440810 0.416016 0.442368 0.416016 0.443925 0.417969 0.445483 0.417969 0.447040 0.419922 0.451713 0.419922 0.454829 0.416016 0.454829 0.412109 0.456386 0.410156 0.457944 0.410156 0.459502 0.408203 0.459502 0.406250 0.462617 0.402344 0.462617 0.398438 0.468847 0.390625 0.468847 0.386719 0.473520 0.380859 0.473520 0.373047 0.470405 0.369141 0.470405 0.367188 0.468847 0.367188 0.467290 0.365234 0.465732 0.365234 0.459502 0.357422 0.456386 0.357422 0.453271 0.353516 0.451713 0.353516 0.448598 0.349609 0.442368 0.349609
0 0.577882 0.435547 0.573209 0.441406 0.573209 0.445312 0.571651 0.447266 0.570093 0.447266 0.570093 0.449219 0.565421 0.455078 0.565421 0.458984 0.562305 0.462891 0.562305 0.464844 0.559190 0.468750 0.559190 0.480469 0.560748 0.482422 0.562305 0.482422 0.566978 0.488281 0.571651 0.488281 0.576324 0.494141 0.577882 0.494141 0.580997 0.498047 0.585670 0.498047 0.587227 0.500000 0.590343 0.500000 0.591900 0.498047 0.593458 0.498047 0.593458 0.494141 0.595016 0.492188 0.595016 0.490234 0.598131 0.486328 0.598131 0.484375 0.601246 0.480469 0.601246 0.476562 0.604361 0.472656 0.604361 0.470703 0.605919 0.468750 0.605919 0.466797 0.607477 0.464844 0.607477 0.460938 0.609034 0.458984 0.607477 0.457031 0.607477 0.453125 0.605919 0.453125 0.604361 0.451172 0.602804 0.451172 0.601246 0.449219 0.601246 0.447266 0.596573 0.447266 0.593458 0.443359 0.591900 0.443359 0.588785 0.439453 0.587227 0.439453 0.585670 0.437500 0.584112 0.437500 0.582555 0.435547
0 0.615265 0.367188 0.613707 0.369141 0.612150 0.369141 0.612150 0.373047 0.610592 0.375000 0.610592 0.376953 0.609034 0.378906 0.609034 0.382812 0.607477 0.384766 0.607477 0.388672 0.605919 0.390625 0.605919 0.398438 0.604361 0.400391 0.604361 0.402344 0.602804 0.404297 0.602804 0.406250 0.601246 0.408203 0.601246 0.410156 0.599688 0.412109 0.599688 0.419922 0.601246 0.419922 0.604361 0.423828 0.610592 0.423828 0.612150 0.425781 0.621495 0.425781 0.623053 0.427734 0.640187 0.427734 0.641745 0.425781 0.643302 0.425781 0.643302 0.423828 0.646417 0.419922 0.646417 0.414062 0.647975 0.412109 0.647975 0.404297 0.649533 0.402344 0.649533 0.392578 0.647975 0.390625 0.647975 0.384766 0.644860 0.380859 0.644860 0.378906 0.643302 0.376953 0.641745 0.376953 0.638629 0.373047 0.638629 0.371094 0.635514 0.371094 0.633956 0.369141 0.627726 0.369141 0.626168 0.367188
0 0.685358 0.294922 0.683801 0.296875 0.669782 0.296875 0.668224 0.298828 0.661994 0.298828 0.660436 0.300781 0.658879 0.300781 0.657321 0.302734 0.654206 0.302734 0.654206 0.304688 0.652648 0.306641 0.652648 0.324219 0.654206 0.326172 0.654206 0.339844 0.657321 0.343750 0.657321 0.345703 0.658879 0.347656 0.658879 0.351562 0.665109 0.359375 0.679128 0.359375 0.680685 0.357422 0.685358 0.357422 0.685358 0.355469 0.686916 0.353516 0.688474 0.353516 0.690031 0.351562 0.696262 0.351562 0.697819 0.349609 0.699377 0.349609 0.699377 0.333984 0.697819 0.332031 0.697819 0.326172 0.696262 0.324219 0.696262 0.316406 0.694704 0.314453 0.694704 0.308594 0.693146 0.306641 0.693146 0.298828 0.691589 0.296875 0.686916 0.296875
0 0.633956 0.203125 0.632399 0.205078 0.630841 0.205078 0.629283 0.207031 0.626168 0.207031 0.624611 0.208984 0.619938 0.208984 0.616822 0.212891 0.616822 0.253906 0.618380 0.253906 0.619938 0.255859 0.621495 0.255859 0.624611 0.259766 0.638629 0.259766 0.640187 0.257812 0.652648 0.257812 0.654206 0.255859 0.658879 0.255859 0.660436 0.253906 0.660436 0.250000 0.661994 0.248047 0.660436 0.246094 0.660436 0.236328 0.658879 0.234375 0.658879 0.214844 0.657321 0.212891 0.657321 0.207031 0.655763 0.205078 0.652648 0.205078 0.651090 0.203125
0 0.780374 0.400391 0.778816 0.402344 0.777259 0.402344 0.775701 0.404297 0.774143 0.404297 0.771028 0.408203 0.766355 0.408203 0.764798 0.410156 0.761682 0.410156 0.760125 0.412109 0.758567 0.412109 0.755452 0.416016 0.755452 0.421875 0.757009 0.423828 0.757009 0.425781 0.758567 0.427734 0.758567 0.441406 0.763240 0.447266 0.763240 0.449219 0.772586 0.460938 0.772586 0.462891 0.777259 0.468750 0.786604 0.468750 0.789720 0.464844 0.791277 0.464844 0.792835 0.462891 0.794393 0.462891 0.797508 0.458984 0.800623 0.458984 0.803738 0.455078 0.805296 0.455078 0.806854 0.453125 0.808411 0.453125 0.809969 0.451172 0.811526 0.451172 0.811526 0.441406 0.808411 0.437500 0.808411 0.433594 0.805296 0.429688 0.805296 0.427734 0.800623 0.421875 0.800623 0.417969 0.795950 0.412109 0.795950 0.410156 0.794393 0.408203 0.794393 0.406250 0.791277 0.402344 0.791277 0.400391
0 0.890966 0.417969 0.889408 0.419922 0.887850 0.419922 0.886293 0.421875 0.883178 0.421875 0.881620 0.423828 0.876947 0.423828 0.875389 0.425781 0.873832 0.425781 0.872274 0.427734 0.870717 0.427734 0.869159 0.429688 0.867601 0.429688 0.866044 0.431641 0.864486 0.431641 0.862928 0.433594 0.858255 0.433594 0.858255 0.441406 0.861371 0.445312 0.861371 0.451172 0.864486 0.455078 0.864486 0.457031 0.867601 0.460938 0.867601 0.466797 0.872274 0.472656 0.872274 0.474609 0.880062 0.484375 0.890966 0.484375 0.892523 0.482422 0.894081 0.482422 0.894081 0.480469 0.895639 0.478516 0.897196 0.478516 0.898754 0.476562 0.901869 0.476562 0.901869 0.474609 0.904984 0.470703 0.906542 0.470703 0.908100 0.468750 0.909657 0.468750 0.909657 0.466797 0.911215 0.464844 0.911215 0.460938 0.912773 0.458984 0.912773 0.457031 0.914330 0.455078 0.914330 0.453125 0.909657 0.447266 0.909657 0.445312 0.908100 0.443359 0.908100 0.439453 0.904984 0.435547 0.904984 0.433594 0.901869 0.429688 0.901869 0.423828 0.900312 0.423828 0.895639 0.417969
0 0.903427 0.511719 0.903427 0.519531 0.901869 0.521484 0.901869 0.525391 0.900312 0.527344 0.900312 0.529297 0.898754 0.531250 0.898754 0.533203 0.897196 0.535156 0.897196 0.542969 0.895639 0.544922 0.895639 0.546875 0.894081 0.548828 0.894081 0.560547 0.895639 0.560547 0.897196 0.562500 0.898754 0.562500 0.900312 0.564453 0.904984 0.564453 0.906542 0.566406 0.909657 0.566406 0.911215 0.568359 0.912773 0.568359 0.914330 0.570312 0.915888 0.570312 0.917445 0.572266 0.919003 0.572266 0.920561 0.574219 0.922118 0.574219 0.923676 0.572266 0.929907 0.572266 0.931464 0.570312 0.931464 0.566406 0.933022 0.564453 0.933022 0.562500 0.937695 0.556641 0.937695 0.552734 0.939252 0.550781 0.939252 0.548828 0.942368 0.544922 0.942368 0.542969 0.943925 0.541016 0.943925 0.539062 0.945483 0.537109 0.945483 0.535156 0.950156 0.529297 0.947040 0.525391 0.947040 0.523438 0.945483 0.521484 0.939252 0.521484 0.937695 0.519531 0.934579 0.519531 0.933022 0.517578 0.931464 0.517578 0.929907 0.515625 0.925234 0.515625 0.923676 0.513672 0.922118 0.513672 0.920561 0.511719
0 0.869159 0.652344 0.866044 0.656250 0.862928 0.656250 0.862928 0.658203 0.859813 0.662109 0.859813 0.664062 0.858255 0.666016 0.858255 0.671875 0.856698 0.673828 0.856698 0.675781 0.855140 0.677734 0.855140 0.687500 0.853583 0.689453 0.853583 0.695312 0.855140 0.697266 0.855140 0.699219 0.856698 0.701172 0.861371 0.701172 0.862928 0.703125 0.864486 0.703125 0.866044 0.705078 0.869159 0.705078 0.870717 0.707031 0.873832 0.707031 0.875389 0.708984 0.887850 0.708984 0.889408 0.710938 0.894081 0.710938 0.895639 0.708984 0.895639 0.707031 0.897196 0.705078 0.897196 0.703125 0.898754 0.701172 0.898754 0.699219 0.900312 0.697266 0.900312 0.693359 0.901869 0.691406 0.901869 0.685547 0.903427 0.683594 0.903427 0.681641 0.904984 0.679688 0.904984 0.677734 0.906542 0.675781 0.906542 0.673828 0.908100 0.671875 0.908100 0.667969 0.909657 0.666016 0.908100 0.666016 0.906542 0.664062 0.904984 0.664062 0.901869 0.660156 0.900312 0.660156 0.898754 0.658203 0.892523 0.658203 0.890966 0.656250 0.876947 0.656250 0.875389 0.654297 0.873832 0.654297 0.872274 0.652344
0 0.638629 0.720703 0.637072 0.722656 0.633956 0.722656 0.632399 0.724609 0.632399 0.728516 0.629283 0.732422 0.627726 0.732422 0.627726 0.734375 0.626168 0.736328 0.626168 0.742188 0.624611 0.744141 0.624611 0.746094 0.623053 0.748047 0.618380 0.748047 0.618380 0.750000 0.613707 0.755859 0.612150 0.755859 0.612150 0.759766 0.610592 0.761719 0.610592 0.765625 0.612150 0.767578 0.612150 0.773438 0.613707 0.773438 0.615265 0.775391 0.615265 0.777344 0.616822 0.777344 0.618380 0.779297 0.618380 0.781250 0.623053 0.781250 0.629283 0.789062 0.633956 0.789062 0.635514 0.791016 0.637072 0.791016 0.638629 0.792969 0.640187 0.791016 0.641745 0.791016 0.643302 0.789062 0.646417 0.789062 0.647975 0.787109 0.647975 0.785156 0.651090 0.781250 0.651090 0.779297 0.652648 0.777344 0.652648 0.771484 0.654206 0.769531 0.654206 0.767578 0.657321 0.763672 0.657321 0.761719 0.658879 0.759766 0.658879 0.757812 0.660436 0.755859 0.660436 0.753906 0.661994 0.751953 0.661994 0.750000 0.665109 0.746094 0.665109 0.744141 0.668224 0.740234 0.669782 0.740234 0.674455 0.734375 0.676012 0.734375 0.677570 0.732422 0.680685 0.732422 0.682243 0.730469 0.683801 0.730469 0.685358 0.728516 0.686916 0.728516 0.688474 0.726562 0.685358 0.722656 0.672897 0.722656 0.671340 0.724609 0.651090 0.724609 0.649533 0.722656 0.644860 0.722656 0.643302 0.720703
0 0.542056 0.707031 0.542056 0.708984 0.540498 0.710938 0.540498 0.714844 0.537383 0.718750 0.537383 0.722656 0.535826 0.724609 0.535826 0.726562 0.534268 0.728516 0.534268 0.732422 0.532710 0.734375 0.532710 0.736328 0.531153 0.738281 0.531153 0.750000 0.534268 0.753906 0.535826 0.753906 0.537383 0.755859 0.540498 0.755859 0.542056 0.757812 0.546729 0.757812 0.548287 0.759766 0.551402 0.759766 0.552960 0.761719 0.554517 0.761719 0.556075 0.763672 0.560748 0.763672 0.562305 0.761719 0.563863 0.761719 0.563863 0.759766 0.565421 0.757812 0.565421 0.755859 0.566978 0.753906 0.566978 0.751953 0.568536 0.750000 0.568536 0.748047 0.570093 0.746094 0.574766 0.746094 0.576324 0.744141 0.576324 0.740234 0.579439 0.736328 0.579439 0.734375 0.580997 0.732422 0.580997 0.726562 0.574766 0.718750 0.571651 0.718750 0.570093 0.716797 0.568536 0.716797 0.563863 0.710938 0.552960 0.710938 0.551402 0.708984 0.549844 0.708984 0.548287 0.707031
0 0.571651 0.748047 0.568536 0.751953 0.568536 0.753906 0.566978 0.755859 0.566978 0.757812 0.565421 0.759766 0.565421 0.761719 0.563863 0.763672 0.562305 0.763672 0.560748 0.765625 0.560748 0.767578 0.557632 0.771484 0.557632 0.777344 0.556075 0.779297 0.556075 0.783203 0.557632 0.785156 0.557632 0.787109 0.559190 0.787109 0.560748 0.789062 0.562305 0.789062 0.565421 0.792969 0.566978 0.792969 0.568536 0.794922 0.570093 0.794922 0.571651 0.796875 0.574766 0.796875 0.576324 0.798828 0.577882 0.798828 0.579439 0.800781 0.580997 0.800781 0.582555 0.798828 0.585670 0.798828 0.587227 0.796875 0.591900 0.796875 0.593458 0.794922 0.595016 0.794922 0.596573 0.792969 0.596573 0.791016 0.599688 0.787109 0.599688 0.781250 0.602804 0.777344 0.602804 0.767578 0.604361 0.765625 0.599688 0.759766 0.598131 0.759766 0.596573 0.757812 0.593458 0.757812 0.590343 0.753906 0.588785 0.753906 0.587227 0.751953 0.582555 0.751953 0.580997 0.750000 0.579439 0.750000 0.577882 0.748047
0 0.643302 0.648438 0.641745 0.650391 0.640187 0.650391 0.637072 0.654297 0.635514 0.654297 0.633956 0.656250 0.630841 0.656250 0.629283 0.658203 0.627726 0.658203 0.626168 0.660156 0.624611 0.660156 0.621495 0.664062 0.619938 0.664062 0.618380 0.666016 0.615265 0.666016 0.612150 0.669922 0.610592 0.669922 0.610592 0.671875 0.609034 0.673828 0.609034 0.681641 0.610592 0.683594 0.610592 0.689453 0.613707 0.693359 0.613707 0.695312 0.615265 0.697266 0.615265 0.699219 0.616822 0.701172 0.616822 0.703125 0.618380 0.703125 0.621495 0.707031 0.623053 0.707031 0.624611 0.708984 0.626168 0.708984 0.627726 0.710938 0.632399 0.710938 0.633956 0.708984 0.638629 0.708984 0.640187 0.707031 0.646417 0.707031 0.647975 0.705078 0.649533 0.705078 0.654206 0.699219 0.655763 0.699219 0.655763 0.691406 0.657321 0.689453 0.657321 0.681641 0.655763 0.679688 0.655763 0.658203 0.652648 0.654297 0.652648 0.652344 0.649533 0.648438
0 0.638629 0.558594 0.637072 0.560547 0.633956 0.560547 0.632399 0.562500 0.629283 0.562500 0.627726 0.564453 0.619938 0.564453 0.618380 0.566406 0.616822 0.566406 0.616822 0.578125 0.618380 0.580078 0.618380 0.587891 0.619938 0.589844 0.619938 0.591797 0.621495 0.593750 0.621495 0.599609 0.623053 0.601562 0.623053 0.603516 0.624611 0.605469 0.624611 0.615234 0.626168 0.617188 0.626168 0.621094 0.627726 0.623047 0.627726 0.625000 0.630841 0.628906 0.633956 0.628906 0.635514 0.626953 0.638629 0.626953 0.640187 0.625000 0.649533 0.625000 0.651090 0.623047 0.654206 0.623047 0.655763 0.621094 0.658879 0.621094 0.660436 0.619141 0.665109 0.619141 0.665109 0.589844 0.661994 0.585938 0.661994 0.582031 0.660436 0.580078 0.660436 0.574219 0.658879 0.572266 0.658879 0.560547 0.657321 0.558594
0 0.479751 0.546875 0.478193 0.548828 0.473520 0.548828 0.471963 0.550781 0.471963 0.552734 0.470405 0.554688 0.468847 0.554688 0.467290 0.556641 0.465732 0.556641 0.465732 0.558594 0.464174 0.560547 0.462617 0.560547 0.457944 0.566406 0.456386 0.566406 0.450156 0.574219 0.448598 0.574219 0.448598 0.582031 0.459502 0.595703 0.459502 0.597656 0.461059 0.599609 0.462617 0.599609 0.464174 0.601562 0.464174 0.603516 0.465732 0.605469 0.465732 0.609375 0.467290 0.609375 0.470405 0.613281 0.470405 0.615234 0.471963 0.617188 0.476636 0.617188 0.478193 0.615234 0.479751 0.615234 0.479751 0.613281 0.481308 0.611328 0.482866 0.611328 0.484424 0.609375 0.485981 0.609375 0.485981 0.607422 0.487539 0.605469 0.489097 0.605469 0.493769 0.599609 0.495327 0.599609 0.501558 0.591797 0.504673 0.591797 0.504673 0.589844 0.503115 0.587891 0.503115 0.583984 0.500000 0.580078 0.500000 0.578125 0.498442 0.576172 0.498442 0.574219 0.496885 0.574219 0.493769 0.570312 0.493769 0.568359 0.490654 0.564453 0.490654 0.562500 0.485981 0.556641 0.485981 0.554688 0.482866 0.550781 0.482866 0.548828 0.481308 0.548828
0 0.339564 0.548828 0.338006 0.550781 0.334891 0.550781 0.331776 0.554688 0.330218 0.554688 0.328660 0.556641 0.325545 0.556641 0.323988 0.558594 0.320872 0.558594 0.317757 0.562500 0.316199 0.562500 0.314642 0.564453 0.313084 0.564453 0.311526 0.566406 0.306854 0.566406 0.302181 0.572266 0.300623 0.572266 0.299065 0.574219 0.299065 0.582031 0.302181 0.585938 0.302181 0.587891 0.306854 0.593750 0.306854 0.597656 0.311526 0.603516 0.311526 0.605469 0.313084 0.607422 0.313084 0.611328 0.314642 0.613281 0.314642 0.615234 0.319315 0.621094 0.319315 0.623047 0.322430 0.623047 0.323988 0.621094 0.325545 0.621094 0.328660 0.617188 0.333333 0.617188 0.338006 0.611328 0.339564 0.611328 0.342679 0.607422 0.345794 0.607422 0.348910 0.603516 0.350467 0.603516 0.353583 0.599609 0.356698 0.599609 0.359813 0.595703 0.359813 0.589844 0.358255 0.587891 0.358255 0.583984 0.355140 0.580078 0.355140 0.578125 0.352025 0.574219 0.352025 0.570312 0.350467 0.568359 0.350467 0.566406 0.348910 0.566406 0.347352 0.564453 0.347352 0.562500 0.345794 0.560547 0.345794 0.556641
0 0.394081 0.755859 0.392523 0.757812 0.389408 0.757812 0.387850 0.759766 0.383178 0.759766 0.380062 0.763672 0.376947 0.763672 0.373832 0.767578 0.372274 0.767578 0.369159 0.771484 0.369159 0.812500 0.372274 0.816406 0.372274 0.818359 0.376947 0.818359 0.378505 0.820312 0.381620 0.820312 0.383178 0.818359 0.404984 0.818359 0.406542 0.816406 0.422118 0.816406 0.422118 0.814453 0.423676 0.812500 0.423676 0.792969 0.422118 0.791016 0.422118 0.781250 0.420561 0.779297 0.420561 0.777344 0.419003 0.775391 0.419003 0.773438 0.417445 0.771484 0.417445 0.769531 0.414330 0.765625 0.412773 0.765625 0.409657 0.761719 0.408100 0.761719 0.406542 0.759766 0.403427 0.759766 0.401869 0.757812 0.400312 0.757812 0.398754 0.755859