0 0.034175 0.039062 0.034175 0.042969 0.031204 0.046875 0.029718 0.044922 0.026746 0.048828 0.026746 0.050781 0.025260 0.052734 0.025260 0.056641 0.026746 0.058594 0.026746 0.060547 0.028232 0.062500 0.029718 0.062500 0.031204 0.060547 0.032689 0.062500 0.032689 0.068359 0.034175 0.070312 0.041605 0.070312 0.043091 0.068359 0.047548 0.068359 0.050520 0.064453 0.050520 0.062500 0.052006 0.060547 0.052006 0.048828 0.050520 0.046875 0.050520 0.044922 0.049034 0.042969 0.049034 0.041016 0.046062 0.041016 0.044577 0.039062
0 0.002972 0.033203 0.002972 0.052734 0.005944 0.048828 0.005944 0.046875 0.007429 0.044922 0.007429 0.037109 0.004458 0.033203
0 0.157504 0.000000 0.157504 0.003906 0.158990 0.005859 0.158990 0.007812 0.160475 0.009766 0.160475 0.013672 0.166419 0.021484 0.176820 0.021484 0.182764 0.013672 0.184250 0.013672 0.185736 0.011719 0.185736 0.007812 0.187221 0.005859 0.187221 0.001953 0.188707 0.000000
0 0.077266 0.099609 0.075780 0.101562 0.072808 0.101562 0.071322 0.103516 0.069837 0.103516 0.069837 0.107422 0.068351 0.109375 0.066865 0.109375 0.066865 0.123047 0.068351 0.125000 0.068351 0.126953 0.069837 0.128906 0.071322 0.128906 0.072808 0.130859 0.075780 0.130859 0.077266 0.132812 0.078752 0.130859 0.083210 0.130859 0.083210 0.128906 0.084695 0.126953 0.086181 0.126953 0.086181 0.125000 0.089153 0.121094 0.089153 0.119141 0.090639 0.117188 0.090639 0.107422 0.086181 0.101562 0.084695 0.101562 0.083210 0.099609
0 0.175334 0.083984 0.173848 0.085938 0.172363 0.085938 0.170877 0.087891 0.169391 0.087891 0.166419 0.091797 0.164933 0.091797 0.161961 0.095703 0.161961 0.097656 0.160475 0.099609 0.160475 0.105469 0.161961 0.107422 0.161961 0.113281 0.163447 0.115234 0.163447 0.117188 0.164933 0.119141 0.166419 0.119141 0.169391 0.123047 0.176820 0.123047 0.179792 0.119141 0.181278 0.119141 0.182764 0.117188 0.182764 0.115234 0.184250 0.113281 0.184250 0.111328 0.185736 0.109375 0.185736 0.107422 0.187221 0.105469 0.187221 0.093750 0.185736 0.091797 0.185736 0.089844 0.181278 0.083984
0 0.181278 0.160156 0.179792 0.162109 0.178306 0.162109 0.176820 0.164062 0.175334 0.164062 0.170877 0.169922 0.170877 0.171875 0.169391 0.173828 0.169391 0.181641 0.170877 0.183594 0.170877 0.187500 0.173848 0.191406 0.173848 0.193359 0.176820 0.193359 0.179792 0.197266 0.185736 0.197266 0.187221 0.199219 0.190193 0.199219 0.191679 0.197266 0.193165 0.197266 0.197623 0.191406 0.197623 0.187500 0.199108 0.185547 0.199108 0.181641 0.200594 0.179688 0.200594 0.177734 0.199108 0.175781 0.199108 0.169922 0.197623 0.167969 0.197623 0.164062 0.194651 0.164062 0.191679 0.160156
0 0.237741 0.125000 0.236256 0.126953 0.234770 0.126953 0.231798 0.130859 0.230312 0.130859 0.230312 0.140625 0.233284 0.144531 0.234770 0.144531 0.237741 0.148438 0.239227 0.146484 0.243685 0.146484 0.243685 0.144531 0.246657 0.140625 0.249629 0.140625 0.249629 0.132812 0.248143 0.130859 0.248143 0.126953 0.246657 0.126953 0.245171 0.125000
0 0.210996 0.175781 0.209510 0.177734 0.206538 0.177734 0.205052 0.179688 0.202080 0.179688 0.202080 0.181641 0.200594 0.183594 0.200594 0.185547 0.199108 0.187500 0.199108 0.207031 0.200594 0.207031 0.208024 0.216797 0.216939 0.216797 0.221397 0.210938 0.221397 0.208984 0.222883 0.207031 0.222883 0.203125 0.224368 0.201172 0.224368 0.191406 0.222883 0.189453 0.222883 0.187500 0.221397 0.185547 0.221397 0.181641 0.219911 0.179688 0.216939 0.179688 0.215453 0.177734 0.212481 0.177734
0 0.371471 0.064453 0.368499 0.068359 0.367013 0.068359 0.365527 0.070312 0.364042 0.070312 0.358098 0.078125 0.358098 0.089844 0.362556 0.095703 0.364042 0.095703 0.365527 0.097656 0.367013 0.097656 0.368499 0.099609 0.378900 0.099609 0.380386 0.097656 0.381872 0.097656 0.386330 0.091797 0.386330 0.089844 0.387816 0.087891 0.387816 0.085938 0.389302 0.083984 0.389302 0.074219 0.387816 0.072266 0.387816 0.070312 0.383358 0.064453
0 0.454681 0.015625 0.453195 0.017578 0.451709 0.017578 0.450223 0.019531 0.450223 0.021484 0.448737 0.023438 0.448737 0.031250 0.450223 0.033203 0.450223 0.035156 0.451709 0.035156 0.453195 0.037109 0.456166 0.037109 0.457652 0.035156 0.460624 0.035156 0.462110 0.033203 0.462110 0.019531 0.460624 0.017578 0.459138 0.017578 0.457652 0.015625
0 0.130758 0.242188 0.129272 0.244141 0.129272 0.250000 0.130758 0.251953 0.136701 0.251953 0.136701 0.250000 0.138187 0.248047 0.136701 0.246094 0.136701 0.242188
0 0.668648 0.201172 0.667162 0.203125 0.667162 0.208984 0.668648 0.210938 0.671620 0.210938 0.673105 0.208984 0.673105 0.203125 0.671620 0.201172
0 0.576523 0.283203 0.575037 0.285156 0.573551 0.285156 0.573551 0.291016 0.576523 0.294922 0.580981 0.294922 0.582467 0.292969 0.582467 0.285156 0.580981 0.283203
0 0.448737 0.179688 0.445765 0.183594 0.445765 0.185547 0.447251 0.187500 0.451709 0.187500 0.451709 0.181641 0.450223 0.179688
0 0.145617 0.232422 0.142645 0.236328 0.145617 0.240234 0.147103 0.240234 0.150074 0.236328 0.147103 0.232422
0 0.309064 0.546875 0.309064 0.554688 0.312036 0.554688 0.313522 0.552734 0.313522 0.548828 0.312036 0.546875
0 0.144131 0.244141 0.142645 0.246094 0.141159 0.246094 0.139673 0.248047 0.139673 0.250000 0.136701 0.253906 0.136701 0.257812 0.138187 0.259766 0.138187 0.261719 0.141159 0.265625 0.151560 0.265625 0.151560 0.263672 0.153046 0.261719 0.154532 0.261719 0.156018 0.259766 0.156018 0.257812 0.157504 0.255859 0.157504 0.251953 0.151560 0.244141
0 0.142645 0.267578 0.141159 0.269531 0.139673 0.269531 0.138187 0.271484 0.136701 0.271484 0.135215 0.273438 0.135215 0.287109 0.136701 0.289062 0.139673 0.289062 0.141159 0.291016 0.144131 0.291016 0.145617 0.292969 0.147103 0.291016 0.148588 0.291016 0.150074 0.289062 0.151560 0.289062 0.153046 0.287109 0.153046 0.285156 0.154532 0.283203 0.154532 0.279297 0.153046 0.277344 0.153046 0.273438 0.151560 0.271484 0.150074 0.271484 0.147103 0.267578
0 0.482912 0.244141 0.479941 0.248047 0.479941 0.253906 0.482912 0.257812 0.484398 0.257812 0.485884 0.259766 0.487370 0.257812 0.488856 0.257812 0.490342 0.255859 0.490342 0.253906 0.491828 0.251953 0.491828 0.248047 0.488856 0.244141
0 0.496285 0.253906 0.493314 0.257812 0.493314 0.259766 0.494799 0.261719 0.494799 0.265625 0.496285 0.267578 0.503715 0.267578 0.505201 0.265625 0.505201 0.255859 0.503715 0.253906
0 0.502229 0.173828 0.500743 0.175781 0.499257 0.175781 0.496285 0.179688 0.496285 0.195312 0.497771 0.197266 0.497771 0.199219 0.502229 0.205078 0.502229 0.207031 0.503715 0.208984 0.505201 0.208984 0.508172 0.212891 0.509658 0.212891 0.511144 0.214844 0.512630 0.214844 0.514116 0.216797 0.518574 0.216797 0.520059 0.214844 0.521545 0.214844 0.523031 0.212891 0.524517 0.212891 0.526003 0.210938 0.526003 0.205078 0.527489 0.203125 0.527489 0.193359 0.526003 0.191406 0.526003 0.187500 0.520059 0.179688 0.520059 0.177734 0.518574 0.175781 0.508172 0.175781 0.506686 0.173828
0 0.564636 0.203125 0.563150 0.205078 0.561664 0.205078 0.560178 0.207031 0.560178 0.210938 0.557207 0.214844 0.557207 0.224609 0.558692 0.226562 0.558692 0.232422 0.561664 0.236328 0.563150 0.236328 0.567608 0.242188 0.567608 0.244141 0.569094 0.244141 0.570579 0.246094 0.576523 0.246094 0.579495 0.242188 0.580981 0.242188 0.582467 0.240234 0.583952 0.240234 0.586924 0.236328 0.586924 0.230469 0.589896 0.226562 0.589896 0.222656 0.591382 0.220703 0.591382 0.216797 0.589896 0.214844 0.589896 0.212891 0.586924 0.208984 0.586924 0.207031 0.585438 0.205078 0.582467 0.205078 0.580981 0.203125
0 0.637444 0.089844 0.635958 0.091797 0.634473 0.091797 0.631501 0.095703 0.630015 0.095703 0.628529 0.097656 0.628529 0.105469 0.627043 0.107422 0.627043 0.123047 0.628529 0.125000 0.628529 0.126953 0.631501 0.130859 0.632987 0.130859 0.634473 0.132812 0.643388 0.132812 0.644874 0.130859 0.646360 0.130859 0.649331 0.126953 0.649331 0.125000 0.652303 0.121094 0.652303 0.117188 0.653789 0.115234 0.653789 0.107422 0.652303 0.105469 0.652303 0.101562 0.650817 0.099609 0.650817 0.097656 0.647845 0.093750 0.646360 0.093750 0.643388 0.089844
0 0.680535 0.015625 0.676077 0.021484 0.676077 0.025391 0.674591 0.027344 0.674591 0.035156 0.676077 0.037109 0.676077 0.046875 0.677563 0.048828 0.677563 0.050781 0.679049 0.052734 0.680535 0.052734 0.682021 0.054688 0.689450 0.054688 0.696880 0.044922 0.696880 0.042969 0.698366 0.041016 0.698366 0.039062 0.699851 0.037109 0.699851 0.027344 0.701337 0.025391 0.699851 0.023438 0.699851 0.021484 0.695394 0.015625
0 0.690936 0.000000 0.690936 0.005859 0.692422 0.007812 0.692422 0.011719 0.693908 0.013672 0.695394 0.013672 0.698366 0.017578 0.699851 0.017578 0.701337 0.019531 0.711738 0.019531 0.713224 0.017578 0.714710 0.017578 0.714710 0.015625 0.716196 0.013672 0.717682 0.013672 0.719168 0.011719 0.720654 0.011719 0.722140 0.009766 0.722140 0.000000
0 0.784547 0.015625 0.783061 0.017578 0.778603 0.017578 0.778603 0.019531 0.777117 0.021484 0.777117 0.023438 0.775632 0.025391 0.775632 0.039062 0.777117 0.041016 0.777117 0.042969 0.778603 0.044922 0.778603 0.046875 0.781575 0.050781 0.783061 0.050781 0.784547 0.052734 0.793462 0.052734 0.794948 0.050781 0.796434 0.050781 0.797920 0.048828 0.799406 0.048828 0.799406 0.046875 0.802377 0.042969 0.802377 0.023438 0.800892 0.021484 0.800892 0.019531 0.799406 0.017578 0.797920 0.017578 0.796434 0.015625
0 0.765230 0.128906 0.757801 0.138672 0.757801 0.152344 0.759287 0.154297 0.759287 0.156250 0.760773 0.158203 0.760773 0.160156 0.762259 0.162109 0.762259 0.164062 0.763744 0.164062 0.765230 0.166016 0.768202 0.166016 0.769688 0.167969 0.775632 0.167969 0.777117 0.166016 0.778603 0.166016 0.780089 0.164062 0.781575 0.164062 0.781575 0.160156 0.784547 0.156250 0.784547 0.140625 0.783061 0.138672 0.783061 0.136719 0.781575 0.136719 0.780089 0.134766 0.780089 0.132812 0.778603 0.130859 0.775632 0.130859 0.774146 0.128906
0 0.786033 0.085938 0.784547 0.087891 0.783061 0.087891 0.778603 0.093750 0.777117 0.093750 0.777117 0.095703 0.775632 0.097656 0.775632 0.119141 0.781575 0.126953 0.794948 0.126953 0.802377 0.117188 0.802377 0.113281 0.803863 0.111328 0.803863 0.109375 0.802377 0.107422 0.802377 0.095703 0.794948 0.085938
0 0.808321 0.093750 0.806835 0.095703 0.805349 0.095703 0.803863 0.097656 0.803863 0.107422 0.805349 0.109375 0.805349 0.113281 0.806835 0.113281 0.808321 0.115234 0.811293 0.115234 0.812779 0.113281 0.814264 0.113281 0.814264 0.101562 0.812779 0.099609 0.812779 0.097656 0.811293 0.095703 0.809807 0.095703
0 0.916790 0.017578 0.915305 0.019531 0.912333 0.019531 0.910847 0.021484 0.909361 0.021484 0.909361 0.027344 0.907875 0.029297 0.907875 0.031250 0.906389 0.033203 0.907875 0.035156 0.907875 0.039062 0.909361 0.041016 0.909361 0.046875 0.910847 0.048828 0.913819 0.048828 0.915305 0.050781 0.921248 0.050781 0.922734 0.048828 0.924220 0.048828 0.928678 0.042969 0.928678 0.041016 0.930163 0.039062 0.930163 0.023438 0.928678 0.021484 0.925706 0.021484 0.924220 0.019531 0.919762 0.019531 0.918276 0.017578
0 0.940565 0.101562 0.940565 0.103516 0.939079 0.105469 0.937593 0.105469 0.937593 0.109375 0.936107 0.111328 0.936107 0.117188 0.937593 0.119141 0.937593 0.123047 0.939079 0.125000 0.939079 0.126953 0.940565 0.128906 0.940565 0.130859 0.943536 0.130859 0.945022 0.132812 0.946508 0.132812 0.949480 0.136719 0.950966 0.134766 0.953938 0.134766 0.953938 0.132812 0.955423 0.130859 0.958395 0.130859 0.961367 0.126953 0.961367 0.123047 0.962853 0.121094 0.962853 0.117188 0.964339 0.115234 0.964339 0.113281 0.962853 0.111328 0.962853 0.105469 0.961367 0.103516 0.961367 0.101562
0 0.997028 0.228516 0.995542 0.230469 0.991085 0.230469 0.991085 0.232422 0.989599 0.234375 0.988113 0.234375 0.983655 0.240234 0.983655 0.261719 0.985141 0.263672 0.985141 0.265625 0.986627 0.265625 0.989599 0.269531 0.992571 0.269531 0.994056 0.271484 0.998514 0.271484 0.998514 0.228516
0 0.970282 0.242188 0.968796 0.244141 0.965825 0.244141 0.965825 0.248047 0.964339 0.250000 0.964339 0.251953 0.962853 0.253906 0.962853 0.259766 0.965825 0.263672 0.965825 0.265625 0.973254 0.265625 0.979198 0.257812 0.979198 0.250000 0.977712 0.248047 0.977712 0.246094 0.976226 0.244141 0.974740 0.244141 0.973254 0.242188
0 0.937593 0.263672 0.934621 0.267578 0.934621 0.271484 0.937593 0.275391 0.942051 0.275391 0.945022 0.271484 0.945022 0.267578 0.942051 0.263672
0 0.943536 0.279297 0.942051 0.281250 0.942051 0.292969 0.943536 0.294922 0.945022 0.294922 0.946508 0.296875 0.949480 0.296875 0.950966 0.294922 0.950966 0.281250 0.947994 0.281250 0.946508 0.279297
0 0.952452 0.263672 0.949480 0.267578 0.949480 0.273438 0.950966 0.275391 0.950966 0.277344 0.952452 0.277344 0.953938 0.279297 0.956909 0.279297 0.958395 0.277344 0.959881 0.277344 0.962853 0.273438 0.962853 0.267578 0.961367 0.267578 0.958395 0.263672
0 0.962853 0.275391 0.959881 0.279297 0.958395 0.279297 0.958395 0.281250 0.956909 0.283203 0.959881 0.287109 0.964339 0.287109 0.965825 0.285156 0.965825 0.279297 0.964339 0.277344 0.964339 0.275391
0 0.913819 0.296875 0.913819 0.298828 0.912333 0.300781 0.912333 0.312500 0.915305 0.316406 0.921248 0.316406 0.921248 0.314453 0.922734 0.312500 0.922734 0.300781 0.919762 0.296875
0 0.904903 0.316406 0.903418 0.318359 0.901932 0.318359 0.898960 0.322266 0.898960 0.324219 0.900446 0.326172 0.900446 0.330078 0.901932 0.332031 0.901932 0.333984 0.912333 0.333984 0.915305 0.330078 0.915305 0.324219 0.910847 0.318359 0.910847 0.316406
0 0.762259 0.269531 0.760773 0.271484 0.754829 0.271484 0.750371 0.277344 0.750371 0.281250 0.748886 0.283203 0.748886 0.289062 0.747400 0.291016 0.747400 0.296875 0.750371 0.300781 0.750371 0.304688 0.754829 0.310547 0.756315 0.310547 0.759287 0.314453 0.771174 0.314453 0.774146 0.310547 0.775632 0.310547 0.778603 0.306641 0.780089 0.306641 0.781575 0.304688 0.781575 0.300781 0.784547 0.296875 0.784547 0.294922 0.783061 0.292969 0.783061 0.285156 0.781575 0.283203 0.781575 0.281250 0.777117 0.275391 0.777117 0.273438 0.775632 0.273438 0.774146 0.271484 0.769688 0.271484 0.768202 0.269531
0 0.695394 0.289062 0.695394 0.291016 0.693908 0.292969 0.693908 0.300781 0.695394 0.302734 0.696880 0.302734 0.698366 0.304688 0.704309 0.304688 0.705795 0.302734 0.707281 0.302734 0.708767 0.300781 0.708767 0.292969 0.707281 0.291016 0.705795 0.291016 0.704309 0.289062
0 0.725111 0.322266 0.723626 0.324219 0.720654 0.324219 0.716196 0.330078 0.713224 0.330078 0.713224 0.332031 0.707281 0.339844 0.707281 0.343750 0.705795 0.345703 0.705795 0.347656 0.707281 0.349609 0.707281 0.353516 0.705795 0.355469 0.705795 0.363281 0.708767 0.367188 0.711738 0.367188 0.714710 0.371094 0.726597 0.371094 0.728083 0.369141 0.731055 0.369141 0.732541 0.367188 0.734027 0.367188 0.734027 0.359375 0.735513 0.357422 0.735513 0.355469 0.736999 0.353516 0.736999 0.337891 0.735513 0.335938 0.735513 0.330078 0.732541 0.326172 0.731055 0.326172 0.729569 0.324219 0.728083 0.324219 0.726597 0.322266
0 0.753343 0.414062 0.751857 0.416016 0.750371 0.416016 0.747400 0.419922 0.747400 0.421875 0.745914 0.423828 0.745914 0.427734 0.748886 0.431641 0.753343 0.431641 0.754829 0.433594 0.756315 0.433594 0.757801 0.431641 0.759287 0.431641 0.760773 0.429688 0.760773 0.427734 0.762259 0.425781 0.762259 0.421875 0.756315 0.414062
0 0.759287 0.457031 0.754829 0.462891 0.754829 0.464844 0.759287 0.470703 0.760773 0.470703 0.762259 0.468750 0.763744 0.468750 0.765230 0.466797 0.765230 0.464844 0.766716 0.462891 0.766716 0.460938 0.765230 0.458984 0.763744 0.458984 0.762259 0.457031
0 0.632987 0.410156 0.631501 0.412109 0.630015 0.412109 0.628529 0.414062 0.627043 0.414062 0.625557 0.416016 0.624071 0.416016 0.624071 0.421875 0.622585 0.423828 0.622585 0.431641 0.624071 0.433594 0.624071 0.437500 0.627043 0.441406 0.628529 0.441406 0.630015 0.443359 0.643388 0.443359 0.644874 0.441406 0.646360 0.441406 0.652303 0.433594 0.652303 0.423828 0.650817 0.421875 0.650817 0.419922 0.649331 0.417969 0.649331 0.416016 0.647845 0.414062 0.646360 0.414062 0.644874 0.412109 0.643388 0.412109 0.641902 0.410156
0 0.610698 0.441406 0.609212 0.443359 0.607727 0.443359 0.604755 0.447266 0.604755 0.449219 0.603269 0.451172 0.603269 0.453125 0.601783 0.455078 0.600297 0.455078 0.600297 0.472656 0.601783 0.472656 0.604755 0.476562 0.612184 0.476562 0.613670 0.474609 0.615156 0.474609 0.616642 0.472656 0.618128 0.472656 0.621100 0.468750 0.621100 0.466797 0.622585 0.464844 0.622585 0.462891 0.624071 0.460938 0.624071 0.458984 0.625557 0.457031 0.625557 0.455078 0.624071 0.453125 0.624071 0.451172 0.622585 0.449219 0.622585 0.445312 0.621100 0.443359 0.619614 0.443359 0.618128 0.441406
0 0.583952 0.464844 0.582467 0.466797 0.582467 0.470703 0.580981 0.472656 0.580981 0.476562 0.582467 0.478516 0.582467 0.482422 0.583952 0.484375 0.585438 0.484375 0.586924 0.486328 0.589896 0.486328 0.589896 0.484375 0.591382 0.482422 0.592868 0.482422 0.594354 0.480469 0.594354 0.478516 0.595840 0.476562 0.595840 0.468750 0.594354 0.466797 0.594354 0.464844
0 0.579495 0.486328 0.579495 0.488281 0.578009 0.490234 0.576523 0.490234 0.575037 0.492188 0.575037 0.494141 0.573551 0.496094 0.573551 0.500000 0.575037 0.501953 0.576523 0.501953 0.579495 0.505859 0.583952 0.505859 0.585438 0.503906 0.586924 0.503906 0.588410 0.501953 0.588410 0.490234 0.586924 0.490234 0.585438 0.488281 0.583952 0.488281 0.582467 0.486328
0 0.594354 0.484375 0.592868 0.486328 0.592868 0.490234 0.591382 0.492188 0.591382 0.494141 0.592868 0.496094 0.594354 0.496094 0.595840 0.498047 0.597325 0.498047 0.598811 0.500000 0.603269 0.494141 0.603269 0.486328 0.601783 0.484375
0 0.589896 0.503906 0.586924 0.507812 0.586924 0.509766 0.585438 0.511719 0.585438 0.513672 0.586924 0.515625 0.586924 0.517578 0.589896 0.517578 0.591382 0.519531 0.594354 0.519531 0.595840 0.517578 0.597325 0.517578 0.598811 0.515625 0.598811 0.509766 0.595840 0.505859 0.594354 0.505859 0.592868 0.503906
0 0.585438 0.525391 0.583952 0.527344 0.578009 0.527344 0.575037 0.531250 0.576523 0.533203 0.576523 0.535156 0.578009 0.537109 0.578009 0.539062 0.579495 0.539062 0.580981 0.541016 0.582467 0.541016 0.583952 0.542969 0.585438 0.542969 0.586924 0.541016 0.588410 0.541016 0.589896 0.539062 0.592868 0.539062 0.594354 0.537109 0.594354 0.535156 0.592868 0.533203 0.592868 0.531250 0.589896 0.527344 0.586924 0.527344
0 0.548291 0.554688 0.546805 0.556641 0.546805 0.560547 0.548291 0.562500 0.552749 0.562500 0.554235 0.560547 0.554235 0.556641 0.552749 0.554688
0 0.753343 0.601562 0.753343 0.607422 0.757801 0.607422 0.757801 0.601562
0 0.575037 0.574219 0.573551 0.576172 0.569094 0.576172 0.569094 0.578125 0.563150 0.585938 0.561664 0.585938 0.561664 0.589844 0.560178 0.591797 0.560178 0.601562 0.561664 0.603516 0.561664 0.607422 0.566122 0.613281 0.569094 0.613281 0.570579 0.615234 0.578009 0.615234 0.579495 0.613281 0.580981 0.613281 0.586924 0.605469 0.588410 0.605469 0.589896 0.603516 0.589896 0.583984 0.588410 0.582031 0.588410 0.580078 0.586924 0.578125 0.585438 0.578125 0.583952 0.576172 0.579495 0.576172 0.578009 0.574219
0 0.479941 0.507812 0.478455 0.509766 0.475483 0.509766 0.473997 0.511719 0.472511 0.511719 0.471025 0.513672 0.471025 0.517578 0.469539 0.519531 0.469539 0.525391 0.471025 0.527344 0.471025 0.529297 0.476969 0.537109 0.478455 0.537109 0.481426 0.541016 0.494799 0.541016 0.494799 0.539062 0.497771 0.535156 0.497771 0.533203 0.499257 0.531250 0.499257 0.517578 0.493314 0.509766 0.491828 0.509766 0.490342 0.507812
0 0.500743 0.373047 0.499257 0.375000 0.497771 0.375000 0.496285 0.376953 0.494799 0.376953 0.494799 0.380859 0.493314 0.382812 0.493314 0.384766 0.491828 0.386719 0.491828 0.392578 0.493314 0.394531 0.493314 0.396484 0.494799 0.398438 0.494799 0.402344 0.497771 0.406250 0.499257 0.406250 0.500743 0.408203 0.503715 0.408203 0.505201 0.410156 0.509658 0.410156 0.511144 0.408203 0.512630 0.408203 0.515602 0.404297 0.518574 0.404297 0.518574 0.402344 0.520059 0.400391 0.520059 0.398438 0.521545 0.396484 0.521545 0.382812 0.520059 0.380859 0.520059 0.378906 0.518574 0.376953 0.517088 0.376953 0.515602 0.375000 0.515602 0.373047
0 0.469539 0.380859 0.465082 0.386719 0.463596 0.386719 0.463596 0.408203 0.466568 0.412109 0.468053 0.412109 0.469539 0.414062 0.476969 0.414062 0.478455 0.412109 0.479941 0.412109 0.482912 0.408203 0.482912 0.406250 0.484398 0.404297 0.484398 0.402344 0.485884 0.400391 0.485884 0.392578 0.484398 0.390625 0.484398 0.388672 0.478455 0.380859
0 0.447251 0.380859 0.445765 0.382812 0.442793 0.382812 0.441308 0.384766 0.439822 0.384766 0.436850 0.388672 0.436850 0.390625 0.433878 0.394531 0.433878 0.406250 0.435364 0.408203 0.435364 0.410156 0.436850 0.412109 0.436850 0.414062 0.438336 0.414062 0.442793 0.419922 0.453195 0.419922 0.457652 0.414062 0.457652 0.412109 0.459138 0.410156 0.459138 0.394531 0.457652 0.392578 0.457652 0.388672 0.453195 0.382812 0.450223 0.382812 0.448737 0.380859
0 0.435364 0.423828 0.433878 0.425781 0.432392 0.425781 0.427935 0.431641 0.427935 0.445312 0.429421 0.447266 0.429421 0.449219 0.430906 0.451172 0.430906 0.453125 0.433878 0.457031 0.433878 0.460938 0.435364 0.460938 0.441308 0.468750 0.448737 0.468750 0.462110 0.451172 0.462110 0.445312 0.463596 0.443359 0.463596 0.439453 0.462110 0.437500 0.462110 0.433594 0.460624 0.431641 0.459138 0.431641 0.454681 0.425781 0.451709 0.425781 0.450223 0.423828
0 0.380386 0.292969 0.378900 0.294922 0.375929 0.294922 0.374443 0.296875 0.374443 0.298828 0.372957 0.300781 0.371471 0.300781 0.369985 0.302734 0.369985 0.304688 0.368499 0.306641 0.368499 0.328125 0.371471 0.332031 0.371471 0.333984 0.374443 0.337891 0.377415 0.337891 0.378900 0.339844 0.380386 0.339844 0.381872 0.341797 0.390788 0.341797 0.395245 0.335938 0.395245 0.333984 0.396731 0.332031 0.396731 0.330078 0.398217 0.328125 0.398217 0.324219 0.399703 0.322266 0.399703 0.314453 0.398217 0.312500 0.398217 0.308594 0.396731 0.306641 0.396731 0.302734 0.395245 0.300781 0.393759 0.300781 0.392273 0.298828 0.390788 0.298828 0.389302 0.296875 0.387816 0.296875 0.386330 0.294922 0.384844 0.294922 0.383358 0.292969
0 0.260030 0.357422 0.258544 0.359375 0.257058 0.359375 0.255572 0.361328 0.254086 0.361328 0.252600 0.363281 0.252600 0.367188 0.251114 0.369141 0.251114 0.380859 0.257058 0.388672 0.258544 0.388672 0.260030 0.390625 0.265973 0.390625 0.267459 0.388672 0.270431 0.388672 0.273403 0.384766 0.274889 0.384766 0.274889 0.382812 0.276374 0.380859 0.276374 0.371094 0.274889 0.369141 0.274889 0.365234 0.273403 0.363281 0.273403 0.361328 0.270431 0.361328 0.267459 0.357422
0 0.179792 0.318359 0.178306 0.320312 0.176820 0.320312 0.172363 0.326172 0.172363 0.332031 0.170877 0.333984 0.170877 0.339844 0.172363 0.341797 0.172363 0.347656 0.173848 0.349609 0.173848 0.351562 0.179792 0.359375 0.179792 0.361328 0.182764 0.361328 0.184250 0.363281 0.185736 0.363281 0.187221 0.365234 0.193165 0.365234 0.196137 0.361328 0.197623 0.361328 0.197623 0.359375 0.199108 0.357422 0.199108 0.355469 0.200594 0.353516 0.200594 0.349609 0.202080 0.347656 0.202080 0.337891 0.200594 0.335938 0.200594 0.333984 0.188707 0.318359
0 0.153046 0.318359 0.151560 0.320312 0.148588 0.320312 0.145617 0.324219 0.142645 0.324219 0.142645 0.326172 0.141159 0.328125 0.141159 0.330078 0.139673 0.332031 0.139673 0.333984 0.138187 0.335938 0.138187 0.345703 0.139673 0.347656 0.139673 0.349609 0.141159 0.349609 0.142645 0.351562 0.142645 0.355469 0.145617 0.355469 0.147103 0.357422 0.156018 0.357422 0.158990 0.353516 0.160475 0.353516 0.164933 0.347656 0.164933 0.345703 0.166419 0.343750 0.166419 0.330078 0.164933 0.328125 0.164933 0.324219 0.161961 0.320312 0.160475 0.320312 0.158990 0.318359
0 0.161961 0.355469 0.156018 0.363281 0.154532 0.363281 0.154532 0.365234 0.153046 0.367188 0.153046 0.384766 0.157504 0.390625 0.158990 0.390625 0.160475 0.392578 0.160475 0.394531 0.161961 0.394531 0.163447 0.396484 0.164933 0.396484 0.166419 0.398438 0.167905 0.396484 0.173848 0.396484 0.176820 0.392578 0.178306 0.392578 0.179792 0.390625 0.179792 0.388672 0.181278 0.386719 0.181278 0.369141 0.179792 0.367188 0.179792 0.365234 0.178306 0.363281 0.176820 0.363281 0.172363 0.357422 0.164933 0.357422 0.163447 0.355469
0 0.136701 0.371094 0.135215 0.373047 0.135215 0.375000 0.132244 0.378906 0.130758 0.378906 0.129272 0.380859 0.129272 0.382812 0.127786 0.384766 0.127786 0.398438 0.129272 0.400391 0.129272 0.402344 0.130758 0.404297 0.132244 0.404297 0.133730 0.406250 0.138187 0.406250 0.139673 0.408203 0.141159 0.408203 0.142645 0.406250 0.145617 0.406250 0.148588 0.402344 0.148588 0.398438 0.150074 0.396484 0.150074 0.390625 0.151560 0.388672 0.151560 0.386719 0.150074 0.384766 0.150074 0.380859 0.148588 0.378906 0.148588 0.376953 0.144131 0.371094
0 0.004458 0.396484 0.004458 0.406250 0.005944 0.408203 0.011887 0.408203 0.013373 0.406250 0.013373 0.396484
0 0.016345 0.406250 0.014859 0.408203 0.014859 0.410156 0.013373 0.412109 0.013373 0.419922 0.022288 0.419922 0.023774 0.417969 0.023774 0.416016 0.025260 0.414062 0.025260 0.412109 0.023774 0.410156 0.023774 0.408203 0.022288 0.406250
0 0.109955 0.421875 0.108470 0.423828 0.102526 0.423828 0.102526 0.425781 0.098068 0.431641 0.096582 0.431641 0.095097 0.433594 0.095097 0.441406 0.093611 0.443359 0.093611 0.449219 0.095097 0.451172 0.095097 0.453125 0.098068 0.457031 0.099554 0.457031 0.101040 0.458984 0.102526 0.458984 0.104012 0.460938 0.105498 0.460938 0.106984 0.462891 0.108470 0.462891 0.109955 0.460938 0.111441 0.460938 0.112927 0.458984 0.114413 0.458984 0.120357 0.451172 0.121842 0.451172 0.121842 0.447266 0.123328 0.445312 0.123328 0.443359 0.124814 0.441406 0.124814 0.437500 0.126300 0.435547 0.124814 0.433594 0.124814 0.431641 0.123328 0.429688 0.123328 0.425781 0.121842 0.423828 0.117385 0.423828 0.115899 0.421875
0 0.095097 0.474609 0.093611 0.476562 0.092125 0.476562 0.090639 0.478516 0.090639 0.480469 0.089153 0.482422 0.092125 0.486328 0.096582 0.486328 0.099554 0.482422 0.099554 0.478516 0.096582 0.474609
0 0.130758 0.458984 0.126300 0.464844 0.124814 0.464844 0.123328 0.466797 0.121842 0.466797 0.120357 0.468750 0.120357 0.470703 0.117385 0.474609 0.117385 0.486328 0.118871 0.488281 0.118871 0.490234 0.120357 0.492188 0.120357 0.496094 0.121842 0.498047 0.123328 0.498047 0.124814 0.500000 0.129272 0.500000 0.130758 0.501953 0.133730 0.501953 0.135215 0.500000 0.136701 0.500000 0.142645 0.492188 0.142645 0.490234 0.144131 0.488281 0.144131 0.484375 0.145617 0.482422 0.145617 0.470703 0.144131 0.468750 0.144131 0.464844 0.142645 0.462891 0.142645 0.460938 0.141159 0.458984
0 0.074294 0.488281 0.072808 0.490234 0.068351 0.490234 0.066865 0.492188 0.065379 0.492188 0.063893 0.494141 0.063893 0.509766 0.066865 0.513672 0.066865 0.515625 0.068351 0.515625 0.071322 0.519531 0.072808 0.519531 0.074294 0.521484 0.077266 0.521484 0.078752 0.519531 0.081724 0.519531 0.084695 0.515625 0.086181 0.515625 0.086181 0.511719 0.089153 0.507812 0.089153 0.498047 0.087667 0.496094 0.087667 0.492188 0.086181 0.490234 0.083210 0.490234 0.081724 0.488281
0 0.050520 0.511719 0.049034 0.513672 0.047548 0.513672 0.047548 0.515625 0.043091 0.521484 0.043091 0.523438 0.041605 0.525391 0.041605 0.537109 0.049034 0.546875 0.053492 0.546875 0.054978 0.548828 0.056464 0.548828 0.057949 0.546875 0.060921 0.546875 0.063893 0.542969 0.066865 0.542969 0.069837 0.539062 0.069837 0.523438 0.065379 0.517578 0.065379 0.515625 0.063893 0.515625 0.062407 0.513672 0.062407 0.511719
0 0.108470 0.529297 0.105498 0.533203 0.104012 0.533203 0.104012 0.535156 0.102526 0.537109 0.101040 0.537109 0.099554 0.539062 0.099554 0.544922 0.098068 0.546875 0.098068 0.552734 0.096582 0.554688 0.098068 0.556641 0.098068 0.560547 0.099554 0.562500 0.099554 0.566406 0.101040 0.568359 0.101040 0.570312 0.102526 0.570312 0.104012 0.572266 0.120357 0.572266 0.120357 0.570312 0.121842 0.568359 0.123328 0.568359 0.126300 0.564453 0.126300 0.562500 0.127786 0.560547 0.127786 0.541016 0.126300 0.539062 0.126300 0.537109 0.124814 0.537109 0.120357 0.531250 0.120357 0.529297
0 0.093611 0.607422 0.093611 0.609375 0.089153 0.615234 0.089153 0.630859 0.090639 0.632812 0.090639 0.634766 0.093611 0.638672 0.099554 0.638672 0.102526 0.634766 0.102526 0.632812 0.106984 0.626953 0.106984 0.617188 0.105498 0.615234 0.105498 0.613281 0.104012 0.611328 0.102526 0.611328 0.101040 0.609375 0.101040 0.607422
0 0.029718 0.630859 0.028232 0.632812 0.023774 0.632812 0.022288 0.634766 0.019316 0.634766 0.017831 0.636719 0.017831 0.638672 0.014859 0.642578 0.013373 0.642578 0.011887 0.644531 0.011887 0.650391 0.010401 0.652344 0.010401 0.662109 0.011887 0.664062 0.011887 0.667969 0.013373 0.669922 0.017831 0.669922 0.019316 0.671875 0.023774 0.671875 0.025260 0.669922 0.032689 0.669922 0.034175 0.667969 0.035661 0.667969 0.037147 0.666016 0.037147 0.664062 0.040119 0.660156 0.040119 0.658203 0.041605 0.656250 0.041605 0.642578 0.038633 0.638672 0.038633 0.636719 0.037147 0.634766 0.035661 0.634766 0.034175 0.632812 0.032689 0.632812 0.031204 0.630859
0 0.000000 0.613281 0.000000 0.666016 0.005944 0.658203 0.007429 0.658203 0.007429 0.656250 0.008915 0.654297 0.008915 0.648438 0.010401 0.646484 0.010401 0.642578 0.011887 0.640625 0.011887 0.630859 0.010401 0.628906 0.010401 0.626953 0.008915 0.625000 0.008915 0.623047 0.007429 0.621094 0.007429 0.619141 0.005944 0.619141 0.001486 0.613281
0 0.065379 0.714844 0.063893 0.716797 0.062407 0.716797 0.059435 0.720703 0.059435 0.724609 0.057949 0.726562 0.059435 0.728516 0.059435 0.730469 0.060921 0.732422 0.060921 0.734375 0.062407 0.736328 0.063893 0.736328 0.065379 0.738281 0.069837 0.738281 0.071322 0.736328 0.072808 0.736328 0.074294 0.734375 0.074294 0.720703 0.069837 0.714844
0 0.224368 0.697266 0.221397 0.701172 0.219911 0.701172 0.218425 0.703125 0.216939 0.703125 0.216939 0.705078 0.215453 0.707031 0.215453 0.722656 0.216939 0.724609 0.216939 0.726562 0.219911 0.730469 0.219911 0.732422 0.222883 0.732422 0.225854 0.736328 0.237741 0.736328 0.240713 0.732422 0.245171 0.732422 0.245171 0.730469 0.246657 0.728516 0.246657 0.726562 0.248143 0.724609 0.248143 0.722656 0.249629 0.720703 0.249629 0.710938 0.248143 0.708984 0.248143 0.707031 0.243685 0.701172 0.242199 0.701172 0.240713 0.699219 0.237741 0.699219 0.236256 0.697266
0 0.200594 0.763672 0.199108 0.765625 0.196137 0.765625 0.196137 0.779297 0.197623 0.781250 0.205052 0.781250 0.206538 0.779297 0.208024 0.779297 0.209510 0.777344 0.210996 0.777344 0.210996 0.773438 0.212481 0.771484 0.210996 0.769531 0.210996 0.767578 0.209510 0.767578 0.206538 0.763672
0 0.145617 0.865234 0.144131 0.867188 0.142645 0.867188 0.142645 0.869141 0.141159 0.871094 0.139673 0.871094 0.138187 0.873047 0.138187 0.875000 0.135215 0.878906 0.135215 0.896484 0.138187 0.900391 0.138187 0.902344 0.141159 0.906250 0.144131 0.906250 0.145617 0.908203 0.153046 0.908203 0.154532 0.906250 0.158990 0.906250 0.163447 0.900391 0.163447 0.896484 0.164933 0.894531 0.164933 0.890625 0.166419 0.888672 0.166419 0.886719 0.164933 0.884766 0.164933 0.876953 0.163447 0.875000 0.163447 0.871094 0.161961 0.871094 0.160475 0.869141 0.158990 0.869141 0.156018 0.865234
0 0.225854 0.945312 0.221397 0.951172 0.219911 0.951172 0.216939 0.955078 0.216939 0.962891 0.215453 0.964844 0.216939 0.966797 0.216939 0.976562 0.218425 0.978516 0.219911 0.978516 0.225854 0.986328 0.237741 0.986328 0.239227 0.984375 0.242199 0.984375 0.242199 0.982422 0.245171 0.978516 0.246657 0.978516 0.246657 0.976562 0.248143 0.974609 0.248143 0.972656 0.249629 0.970703 0.249629 0.960938 0.248143 0.958984 0.248143 0.957031 0.246657 0.955078 0.246657 0.953125 0.242199 0.947266 0.242199 0.945312
0 0.386330 0.804688 0.384844 0.806641 0.377415 0.806641 0.377415 0.808594 0.374443 0.812500 0.374443 0.832031 0.375929 0.832031 0.377415 0.833984 0.377415 0.839844 0.378900 0.841797 0.380386 0.841797 0.381872 0.843750 0.383358 0.843750 0.384844 0.845703 0.396731 0.845703 0.399703 0.841797 0.402675 0.841797 0.402675 0.839844 0.404160 0.837891 0.404160 0.835938 0.405646 0.833984 0.405646 0.830078 0.407132 0.828125 0.407132 0.816406 0.404160 0.812500 0.404160 0.808594 0.402675 0.808594 0.401189 0.806641 0.396731 0.806641 0.395245 0.804688
0 0.479941 0.890625 0.478455 0.892578 0.476969 0.892578 0.475483 0.894531 0.475483 0.896484 0.472511 0.900391 0.472511 0.919922 0.475483 0.923828 0.475483 0.925781 0.476969 0.927734 0.478455 0.927734 0.481426 0.931641 0.482912 0.931641 0.484398 0.933594 0.491828 0.933594 0.494799 0.929688 0.496285 0.929688 0.496285 0.927734 0.497771 0.925781 0.497771 0.923828 0.499257 0.921875 0.499257 0.919922 0.500743 0.917969 0.500743 0.914062 0.502229 0.912109 0.500743 0.910156 0.500743 0.904297 0.499257 0.902344 0.499257 0.898438 0.493314 0.890625
0 0.505201 0.906250 0.503715 0.908203 0.503715 0.916016 0.505201 0.917969 0.505201 0.919922 0.506686 0.921875 0.508172 0.921875 0.509658 0.923828 0.511144 0.923828 0.512630 0.921875 0.514116 0.921875 0.515602 0.919922 0.515602 0.917969 0.517088 0.916016 0.517088 0.914062 0.515602 0.912109 0.515602 0.910156 0.514116 0.908203 0.512630 0.908203 0.511144 0.906250
0 0.494799 0.933594 0.493314 0.935547 0.491828 0.935547 0.490342 0.937500 0.488856 0.937500 0.487370 0.939453 0.485884 0.939453 0.485884 0.955078 0.487370 0.957031 0.487370 0.958984 0.493314 0.966797 0.511144 0.966797 0.512630 0.964844 0.512630 0.962891 0.517088 0.957031 0.517088 0.947266 0.515602 0.945312 0.515602 0.943359 0.514116 0.941406 0.514116 0.939453 0.512630 0.939453 0.511144 0.937500 0.509658 0.937500 0.508172 0.935547 0.503715 0.935547 0.502229 0.933594
0 0.582467 0.886719 0.580981 0.888672 0.579495 0.888672 0.575037 0.894531 0.575037 0.898438 0.573551 0.900391 0.573551 0.908203 0.575037 0.910156 0.575037 0.919922 0.576523 0.919922 0.578009 0.921875 0.578009 0.923828 0.582467 0.929688 0.583952 0.929688 0.585438 0.931641 0.588410 0.931641 0.589896 0.933594 0.594354 0.933594 0.595840 0.931641 0.597325 0.931641 0.600297 0.927734 0.600297 0.925781 0.604755 0.919922 0.604755 0.910156 0.603269 0.908203 0.603269 0.904297 0.600297 0.900391 0.600297 0.898438 0.597325 0.894531 0.597325 0.892578 0.594354 0.888672 0.592868 0.888672 0.591382 0.886719
0 0.716196 0.943359 0.713224 0.947266 0.713224 0.957031 0.716196 0.960938 0.723626 0.960938 0.725111 0.958984 0.725111 0.949219 0.723626 0.947266 0.723626 0.945312 0.722140 0.945312 0.720654 0.943359
0 0.699851 0.791016 0.692422 0.800781 0.692422 0.802734 0.690936 0.804688 0.690936 0.822266 0.692422 0.824219 0.692422 0.826172 0.693908 0.826172 0.698366 0.832031 0.698366 0.833984 0.699851 0.835938 0.719168 0.835938 0.722140 0.832031 0.723626 0.832031 0.723626 0.830078 0.725111 0.828125 0.725111 0.808594 0.720654 0.802734 0.720654 0.800781 0.716196 0.794922 0.714710 0.794922 0.711738 0.791016
0 0.735513 0.931641 0.734027 0.933594 0.734027 0.935547 0.732541 0.937500 0.732541 0.943359 0.734027 0.945312 0.734027 0.947266 0.741456 0.947266 0.742942 0.945312 0.742942 0.943359 0.744428 0.941406 0.744428 0.939453 0.742942 0.937500 0.742942 0.933594 0.741456 0.931641
0 0.793462 0.902344 0.791976 0.904297 0.789004 0.904297 0.784547 0.910156 0.784547 0.914062 0.781575 0.917969 0.781575 0.923828 0.784547 0.927734 0.786033 0.927734 0.789004 0.931641 0.793462 0.931641 0.794948 0.929688 0.797920 0.929688 0.799406 0.927734 0.803863 0.927734 0.803863 0.919922 0.805349 0.917969 0.805349 0.914062 0.803863 0.912109 0.803863 0.908203 0.800892 0.904297 0.799406 0.904297 0.797920 0.902344
0 0.826152 0.855469 0.823180 0.859375 0.823180 0.867188 0.824666 0.869141 0.824666 0.871094 0.826152 0.871094 0.827637 0.873047 0.832095 0.873047 0.833581 0.871094 0.836553 0.871094 0.838039 0.869141 0.838039 0.861328 0.833581 0.855469
0 0.895988 0.908203 0.894502 0.910156 0.893016 0.910156 0.891530 0.912109 0.891530 0.916016 0.890045 0.917969 0.890045 0.925781 0.894502 0.931641 0.895988 0.929688 0.895988 0.927734 0.897474 0.925781 0.906389 0.925781 0.906389 0.919922 0.904903 0.917969 0.904903 0.916016 0.903418 0.914062 0.903418 0.910156 0.901932 0.910156 0.900446 0.908203
0 0.977712 0.804688 0.976226 0.806641 0.974740 0.806641 0.973254 0.808594 0.971768 0.808594 0.970282 0.810547 0.970282 0.814453 0.968796 0.816406 0.968796 0.818359 0.967311 0.820312 0.967311 0.830078 0.968796 0.832031 0.968796 0.833984 0.970282 0.835938 0.970282 0.837891 0.973254 0.841797 0.974740 0.841797 0.976226 0.843750 0.977712 0.841797 0.982169 0.841797 0.983655 0.839844 0.985141 0.839844 0.988113 0.835938 0.991085 0.835938 0.991085 0.833984 0.997028 0.826172 0.997028 0.816406 0.995542 0.814453 0.995542 0.812500 0.991085 0.806641 0.988113 0.806641 0.986627 0.804688
0 0.985141 0.777344 0.983655 0.779297 0.983655 0.781250 0.982169 0.783203 0.982169 0.785156 0.985141 0.789062 0.992571 0.789062 0.994056 0.787109 0.994056 0.779297 0.992571 0.777344
0 0.974740 0.759766 0.973254 0.761719 0.973254 0.763672 0.971768 0.765625 0.971768 0.769531 0.973254 0.771484 0.973254 0.775391 0.974740 0.777344 0.980684 0.777344 0.983655 0.773438 0.983655 0.771484 0.985141 0.769531 0.985141 0.767578 0.983655 0.765625 0.983655 0.763672 0.982169 0.761719 0.982169 0.759766
0 0.979198 0.730469 0.977712 0.732422 0.974740 0.732422 0.974740 0.734375 0.973254 0.736328 0.973254 0.740234 0.971768 0.742188 0.973254 0.744141 0.973254 0.746094 0.976226 0.750000 0.985141 0.750000 0.988113 0.746094 0.988113 0.744141 0.991085 0.740234 0.991085 0.734375 0.989599 0.732422 0.988113 0.732422 0.986627 0.730469
0 0.973254 0.712891 0.971768 0.714844 0.970282 0.714844 0.968796 0.716797 0.968796 0.718750 0.967311 0.720703 0.968796 0.722656 0.968796 0.726562 0.970282 0.728516 0.976226 0.728516 0.979198 0.724609 0.979198 0.718750 0.976226 0.714844 0.976226 0.712891
0 0.982169 0.701172 0.977712 0.707031 0.977712 0.710938 0.979198 0.712891 0.979198 0.714844 0.980684 0.716797 0.980684 0.718750 0.982169 0.718750 0.983655 0.720703 0.988113 0.720703 0.989599 0.718750 0.991085 0.718750 0.991085 0.716797 0.992571 0.714844 0.992571 0.707031 0.988113 0.701172
0 0.998514 0.707031 0.997028 0.708984 0.997028 0.714844 0.998514 0.716797 0.998514 0.718750
0 0.947994 0.603516 0.947994 0.605469 0.946508 0.607422 0.946508 0.611328 0.947994 0.613281 0.953938 0.613281 0.955423 0.611328 0.955423 0.607422 0.953938 0.605469 0.953938 0.603516
0 0.745914 0.607422 0.744428 0.609375 0.741456 0.609375 0.739970 0.611328 0.739970 0.613281 0.738484 0.615234 0.738484 0.619141 0.739970 0.621094 0.739970 0.623047 0.741456 0.625000 0.741456 0.626953 0.745914 0.626953 0.747400 0.625000 0.748886 0.625000 0.750371 0.623047 0.750371 0.611328 0.748886 0.609375 0.747400 0.609375
0 0.893016 0.556641 0.891530 0.558594 0.890045 0.558594 0.888559 0.560547 0.887073 0.560547 0.882615 0.566406 0.882615 0.568359 0.881129 0.570312 0.881129 0.580078 0.882615 0.582031 0.882615 0.585938 0.885587 0.589844 0.890045 0.589844 0.891530 0.591797 0.895988 0.591797 0.897474 0.593750 0.898960 0.591797 0.900446 0.591797 0.901932 0.589844 0.903418 0.589844 0.906389 0.585938 0.906389 0.583984 0.909361 0.580078 0.910847 0.580078 0.910847 0.572266 0.907875 0.568359 0.907875 0.566406 0.906389 0.564453 0.906389 0.562500 0.904903 0.562500 0.901932 0.558594 0.900446 0.558594 0.898960 0.556641
0 0.927192 0.525391 0.925706 0.527344 0.922734 0.527344 0.921248 0.529297 0.921248 0.531250 0.919762 0.533203 0.919762 0.537109 0.921248 0.539062 0.921248 0.541016 0.922734 0.542969 0.922734 0.544922 0.925706 0.548828 0.934621 0.548828 0.934621 0.546875 0.937593 0.542969 0.937593 0.539062 0.939079 0.537109 0.939079 0.535156 0.937593 0.533203 0.937593 0.531250 0.934621 0.527344 0.933135 0.527344 0.931649 0.525391
0 0.962853 0.556641 0.956909 0.564453 0.956909 0.566406 0.955423 0.568359 0.955423 0.572266 0.953938 0.574219 0.953938 0.576172 0.955423 0.578125 0.955423 0.580078 0.958395 0.583984 0.958395 0.585938 0.959881 0.587891 0.959881 0.589844 0.961367 0.589844 0.965825 0.595703 0.968796 0.595703 0.970282 0.593750 0.971768 0.593750 0.974740 0.589844 0.976226 0.589844 0.980684 0.583984 0.980684 0.572266 0.979198 0.570312 0.979198 0.566406 0.974740 0.560547 0.974740 0.558594 0.973254 0.558594 0.971768 0.556641
0 0.632987 0.628906 0.630015 0.632812 0.628529 0.632812 0.627043 0.634766 0.627043 0.636719 0.625557 0.638672 0.625557 0.660156 0.630015 0.666016 0.632987 0.666016 0.634473 0.667969 0.640416 0.667969 0.641902 0.666016 0.644874 0.666016 0.652303 0.656250 0.652303 0.654297 0.655275 0.650391 0.655275 0.640625 0.653789 0.638672 0.653789 0.636719 0.650817 0.632812 0.649331 0.632812 0.647845 0.630859 0.646360 0.630859 0.644874 0.628906
0 0.573551 0.675781 0.569094 0.681641 0.567608 0.681641 0.567608 0.683594 0.566122 0.685547 0.564636 0.685547 0.564636 0.701172 0.567608 0.705078 0.567608 0.707031 0.572065 0.712891 0.583952 0.712891 0.585438 0.710938 0.586924 0.710938 0.586924 0.708984 0.588410 0.707031 0.588410 0.705078 0.589896 0.703125 0.589896 0.697266 0.591382 0.695312 0.591382 0.693359 0.589896 0.691406 0.589896 0.689453 0.588410 0.687500 0.588410 0.685547 0.583952 0.679688 0.582467 0.679688 0.579495 0.675781
0 0.416048 0.712891 0.414562 0.714844 0.410104 0.714844 0.408618 0.716797 0.407132 0.716797 0.407132 0.718750 0.405646 0.720703 0.404160 0.720703 0.404160 0.722656 0.402675 0.724609 0.402675 0.730469 0.404160 0.732422 0.404160 0.738281 0.405646 0.740234 0.405646 0.742188 0.407132 0.744141 0.407132 0.748047 0.410104 0.751953 0.410104 0.753906 0.413076 0.757812 0.427935 0.757812 0.433878 0.750000 0.433878 0.748047 0.436850 0.744141 0.436850 0.740234 0.438336 0.738281 0.438336 0.736328 0.439822 0.734375 0.439822 0.730469 0.438336 0.728516 0.438336 0.720703 0.436850 0.718750 0.435364 0.718750 0.433878 0.716797 0.433878 0.714844 0.432392 0.712891
0 0.274889 0.562500 0.273403 0.564453 0.268945 0.564453 0.265973 0.568359 0.265973 0.570312 0.264487 0.572266 0.264487 0.574219 0.263001 0.576172 0.263001 0.587891 0.264487 0.589844 0.264487 0.591797 0.265973 0.593750 0.265973 0.595703 0.268945 0.599609 0.270431 0.599609 0.271917 0.601562 0.280832 0.601562 0.283804 0.597656 0.285290 0.597656 0.286776 0.595703 0.288262 0.595703 0.288262 0.593750 0.289747 0.591797 0.289747 0.582031 0.291233 0.580078 0.289747 0.578125 0.289747 0.570312 0.288262 0.568359 0.285290 0.568359 0.282318 0.564453 0.279346 0.564453 0.277860 0.562500
0 0.313522 0.556641 0.312036 0.558594 0.310550 0.558594 0.310550 0.560547 0.309064 0.562500 0.310550 0.564453 0.310550 0.566406 0.312036 0.568359 0.313522 0.568359 0.315007 0.570312 0.317979 0.570312 0.320951 0.566406 0.320951 0.564453 0.319465 0.562500 0.319465 0.560547 0.316493 0.556641
0 0.292719 0.550781 0.292719 0.552734 0.291233 0.554688 0.291233 0.558594 0.292719 0.560547 0.292719 0.562500 0.300149 0.562500 0.300149 0.550781
0 0.300149 0.566406 0.297177 0.570312 0.295691 0.570312 0.294205 0.572266 0.294205 0.576172 0.298663 0.582031 0.307578 0.582031 0.307578 0.570312 0.304606 0.566406
0 0.249629 0.494141 0.248143 0.496094 0.246657 0.496094 0.243685 0.500000 0.243685 0.505859 0.245171 0.507812 0.245171 0.509766 0.248143 0.513672 0.254086 0.513672 0.257058 0.509766 0.257058 0.505859 0.258544 0.503906 0.258544 0.501953 0.257058 0.500000 0.257058 0.498047 0.255572 0.496094 0.254086 0.496094 0.252600 0.494141
0 0.600297 0.970703 0.600297 0.976562 0.603269 0.976562 0.603269 0.970703